# Grep v1
F = [125, 64, 61, 64, 241, 20, 64, 350, 61, 125, 22, 60, 282, 60, 60, 208, 73, 80, 74, 19, 64, 58, 18, 281, 60, 56, 63, 235, 275, 78]
F2 = [488, 165, 12, 279, 73, 209, 120, 266, 233, 217, 52, 162, 278, 13, 235, 393, 263, 1301, 462, 56, 249, 10, 192, 283, 62, 272, 11, 43, 625, 556]
T = [50400, 27900, 24800, 27100, 100800, 7500, 28500, 145400, 27700, 52700, 11700, 23100, 123300, 25400, 25800, 88300, 31900, 35600, 30400, 8300, 25000, 24000, 7700, 114100, 22700, 23500, 27100, 96000, 114100, 33300]
T2 = [202500, 70200, 5400, 117500, 26700, 84400, 47900, 107900, 97700, 89300, 20900, 65300, 114400, 6300, 98000, 168100, 107500, 537000, 197300, 24600, 106900, 3600, 79200, 115600, 26700, 109500, 4200, 16700, 274800, 236200]

# Grep v2
F = [7, 8, 9, 7, 8, 8, 9, 7, 6, 11, 7, 7, 10, 6, 7, 8, 7, 6, 6, 7, 10, 8, 7, 10, 11, 4, 7, 7, 8, 6]
F2 = [21, 212, 285, 227, 397, 285, 280, 308, 211, 197, 315, 17, 298, 235, 21, 314, 201, 337, 294, 325, 294, 17, 309, 286, 15, 16, 199, 15, 316, 287]
T = [2300, 2900, 3300, 2100, 3100, 3300, 3300, 2900, 2500, 6100, 3300, 2900, 3500, 2900, 2500, 2900, 2700, 2300, 1700, 2500, 3800, 4000, 2700, 4800, 4600, 1900, 3300, 2900, 4000, 3800]
T2 = [5900, 53600, 69100, 58100, 99900, 72000, 70500, 85900, 50900, 53900, 89300, 3500, 75400, 60300, 6100, 75800, 52300, 87300, 75600, 81200, 74200, 4300, 78200, 68100, 3900, 3900, 49800, 4100, 85000, 77500]

# Grep v3
F = [5, 49, 4, 24, 54, 43, 57, 50, 24, 49, 50, 18, 54, 51, 47, 43, 49, 49, 50, 53, 3, 3, 49, 20, 47, 45, 47, 50, 20, 46]
F2 = [53, 34, 53, 28, 539, 138, 36, 44, 31, 40, 148, 40, 74, 153, 146, 39, 282, 144, 241, 3, 89, 48, 38, 30, 4, 144, 4, 7, 34, 312]
T = [79400, 23300, 1500, 9400, 21900, 18700, 24200, 18800, 9200, 22700, 20600, 9800, 27300, 21900, 19600, 19200, 20200, 22800, 20400, 21800, 800, 1700, 21900, 7900, 19200, 17900, 19600, 20600, 8900, 20600]
T2 = [26000, 14400, 27900, 11300, 231200, 61100, 16500, 17700, 12700, 16700, 61400, 16900, 31700, 71300, 63700, 14600, 116100, 62700, 98400, 1200, 37700, 25200, 14600, 12700, 2100, 61900, 1500, 2900, 15000, 130699]

# Grep v4
F = [80, 24, 24, 323, 155, 532, 21, 76, 406, 219, 616, 256, 233, 327, 159, 240, 409, 165, 252, 591, 154, 323, 21, 403, 224, 78, 84, 31, 19, 398]
T = [33600, 10400, 11000, 146100, 65700, 265200, 12700, 31800, 176300, 95000, 253600, 107300, 103100, 138300, 66900, 102900, 184700, 71000, 106300, 256700, 65900, 138100, 7900, 168900, 95200, 34300, 35000, 15200, 7500, 170500]

# Gzip v1
F = [20, 41, 21, 52, 19, 14, 41, 40, 21, 35, 78, 15, 32, 34, 39, 22, 49, 42, 35, 20, 22, 16, 16, 28, 20, 37, 42, 33, 23, 39]
F2 = [223, 527, 967, 737, 331, 110, 452, 24, 313, 192, 342, 470, 27, 209, 123, 153, 142, 104, 110, 108, 56, 522, 7, 110, 156, 590, 446, 689, 396, 29]
T = [73700, 15000, 7300, 17400, 8200, 4500, 16700, 15200, 7700, 12300, 27000, 5300, 11500, 12300, 13300, 8300, 16500, 14500, 13200, 8000, 8500, 6000, 6300, 10200, 8500, 14000, 15200, 12500, 9000, 13300]
T2 = [82500, 193800, 353700, 268000, 123200, 40700, 158000, 9300, 116300, 69500, 119200, 166500, 11500, 73200, 47800, 56500, 52300, 39000, 43500, 36000, 21200, 193400, 2300, 40800, 52300, 209300, 152600, 243600, 139300, 10700]

# Gzip v2
F = [17, 17, 10, 23, 16, 15, 15, 12, 12, 30, 23, 7, 24, 28, 12, 17, 9, 22, 23, 10, 22, 138, 27, 19, 9, 28, 26, 14, 20, 24]
T = [8800, 10000, 4400, 10800, 6000, 7700, 6500, 5400, 4800, 15800, 11700, 5200, 10600, 10800, 4400, 7100, 6300, 10800, 7900, 4400, 8700, 81500, 12500, 12100, 4200, 12100, 11000, 6500, 9400, 12100]

# Gzip v4
F = [3, 5, 78, 65, 3, 12, 63, 6, 7, 6, 6, 16, 18, 88, 4, 2, 7, 4, 33, 19, 50, 7, 7, 75, 154, 5, 5, 17, 2, 14]
F2 = [10, 217, 139, 213, 45, 2, 159, 104, 218, 102, 427, 272, 212, 279, 456, 283, 43, 115, 75, 422, 334, 233, 33, 431, 151, 290, 48, 124, 475, 989]
T = [3300, 6300, 40400, 32100, 1700, 21500, 34500, 3800, 3500, 1900, 3500, 6200, 9800, 41900, 2100, 800, 3800, 14200, 15800, 11700, 24200, 4800, 5600, 37300, 76300, 2100, 4000, 21700, 1000, 6700]
T2 = [5800, 101000, 67900, 106500, 21300, 1200, 78600, 51700, 99200, 48200, 197300, 127900, 97500, 130199, 212900, 129400, 18100, 57500, 32700, 199700, 160000, 109000, 15200, 205800, 72300, 144400, 24800, 67700, 211900, 447700]

# Gzip v5
F = [7, 8, 3, 5, 2, 5, 3, 6, 7, 6, 2, 9, 8, 3, 5, 3, 2, 4, 9, 2, 6, 4, 4, 8, 12, 6, 7, 9, 2, 4]
F2 = [2, 8, 4, 7, 8, 17, 9, 11, 8, 11, 9, 3, 25, 8, 13, 10, 19, 19, 9, 9, 30, 10, 4, 8, 16, 6, 1, 19, 14, 11]
T = [19400, 4600, 1500, 2900, 1000, 2900, 3300, 7300, 7300, 8500, 2300, 4200, 9600, 5600, 3100, 2300, 1300, 4600, 7900, 24200, 9000, 12100, 14600, 6700, 7300, 10600, 5400, 6000, 1500, 1700]
T2 = [2100, 4200, 2500, 2900, 3100, 8500, 4200, 5200, 3300, 6700, 3700, 1000, 11300, 4400, 6500, 4800, 9600, 10200, 4800, 10800, 17100, 7100, 2700, 4000, 7500, 3500, 800, 8500, 5200, 5400]

# Make v1
F = [2, 20, 204, 199, 16, 14, 120, 95, 15, 3, 2, 152, 3, 91, 124, 3, 195, 99, 12, 4, 107, 114, 104, 13, 58, 103, 209, 18, 106, 132]
F2 = [17, 91, 131, 13, 155, 48, 213, 41, 139, 1, 192, 164, 572, 60, 29, 1, 116, 41, 55, 94, 253, 22, 42, 42, 80, 33, 219, 139, 27, 30]
T = [1500, 8600, 84500, 81900, 6900, 5800, 48400, 41100, 5800, 1000, 600, 65000, 1000, 38500, 68500, 2500, 85600, 44800, 5800, 2500, 43900, 55200, 42900, 5400, 23400, 42500, 92700, 7900, 43100, 53800]
T2 = [6700, 36000, 52700, 5600, 65400, 19800, 87300, 16900, 58600, 200, 80200, 71300, 237100, 24200, 13800, 200, 50000, 19400, 26500, 41400, 103600, 11500, 17300, 18100, 32900, 15000, 89400, 58200, 11400, 12300]

# Make v2
F = [175, 257, 248, 43, 198, 42, 5, 241, 42, 233, 4, 208, 3, 40, 39, 6, 41, 257, 153, 66, 4, 56, 3, 6, 46, 39, 222, 239, 253, 246]
T = [79400, 110500, 109400, 19800, 86500, 17100, 2100, 107900, 17300, 97300, 1900, 90900, 1300, 17900, 16700, 2500, 17100, 114000, 72900, 29600, 2100, 25800, 600, 2300, 19800, 16100, 96100, 102100, 114200, 108600]
