rpt id 16
F = [63, 80, 69, 66, 10, 30, 4, 15, 64, 15, 24, 5, 13, 52, 11, 61, 7, 8, 37, 57, 18, 7, 19, 26, 57, 44, 36, 39, 8, 20]
F2 = [0, 0, 0, 0, 0, 0, 0, 0, 0, 0, 0, 0, 0, 0, 0, 0, 0, 0, 0, 0, 0, 0, 0, 0, 0, 0, 0, 0, 0, 0]
T = [31300, 44700, 35900, 40400, 5900, 15900, 3200, 9000, 33300, 9200, 12800, 4500, 7700, 27800, 8000, 26600, 3600, 5700, 21900, 31200, 8200, 3800, 9600, 17100, 28100, 18100, 65500, 18800, 5500, 11000]
T2 = [0, 0, 0, 0, 0, 0, 0, 0, 0, 0, 0, 0, 0, 0, 0, 0, 0, 0, 0, 0, 0, 0, 0, 0, 0, 0, 0, 0, 0, 0]

drt id 54
F = [49, 56, 2, 4, 15, 8, 26, 6, 8, 6, 6, 59, 3, 16, 24, 18, 30, 29, 2, 33, 7, 17, 8, 15, 42, 34, 63, 51, 6, 4]
F2 = [0, 0, 0, 0, 0, 0, 0, 0, 0, 0, 0, 0, 0, 0, 0, 0, 0, 0, 0, 0, 0, 0, 0, 0, 0, 0, 0, 0, 0, 0]
T = [22400, 22000, 1400, 3200, 6600, 4000, 26700, 8600, 6100, 7000, 7300, 26500, 5100, 14100, 12600, 10100, 17100, 13700, 2100, 12900, 3900, 7400, 3600, 6800, 17200, 14100, 38000, 35600, 7900, 7700]
T2 = [0, 0, 0, 0, 0, 0, 0, 0, 0, 0, 0, 0, 0, 0, 0, 0, 0, 0, 0, 0, 0, 0, 0, 0, 0, 0, 0, 0, 0, 0]

mapt id 49
F = [49, 67, 35, 29, 2, 29, 14, 6, 11, 12, 9, 34, 29, 7, 24, 6, 3, 3, 8, 70, 15, 36, 72, 18, 30, 16, 1, 56, 17, 12]
F2 = [0, 0, 0, 0, 0, 0, 0, 0, 0, 0, 0, 0, 0, 0, 0, 0, 0, 0, 0, 0, 0, 0, 0, 0, 0, 0, 0, 0, 0, 0]
T = [29600, 34800, 16500, 17200, 1500, 13900, 6800, 3600, 6400, 6500, 7400, 25600, 14400, 5000, 16800, 7900, 4600, 9100, 9300, 34800, 7300, 17700, 37800, 9000, 15100, 8600, 1600, 38100, 16800, 8600]
T2 = [0, 0, 0, 0, 0, 0, 0, 0, 0, 0, 0, 0, 0, 0, 0, 0, 0, 0, 0, 0, 0, 0, 0, 0, 0, 0, 0, 0, 0, 0]

rapt id 41
F = [30, 7, 1, 34, 13, 31, 5, 17, 1, 49, 2, 7, 62, 13, 54, 17, 40, 4, 1, 18, 1, 47, 1, 27, 6, 5, 5, 10, 32, 9]
F2 = [0, 0, 0, 0, 0, 0, 0, 0, 0, 0, 0, 0, 0, 0, 0, 0, 0, 0, 0, 0, 0, 0, 0, 0, 0, 0, 0, 0, 0, 0]
T = [17900, 5200, 1600, 18300, 7000, 15600, 3000, 9200, 800, 24400, 2100, 4600, 30000, 10100, 27000, 9100, 19300, 3200, 800, 10700, 1000, 24200, 2700, 18500, 7600, 5000, 5400, 8000, 17600, 6300]
T2 = [0, 0, 0, 0, 0, 0, 0, 0, 0, 0, 0, 0, 0, 0, 0, 0, 0, 0, 0, 0, 0, 0, 0, 0, 0, 0, 0, 0, 0, 0]

rlaptq id 67
F = [10, 8, 9, 8, 25, 69, 14, 8, 4, 35, 61, 25, 7, 19, 23, 6, 17, 10, 4, 10, 11, 59, 4, 14, 21, 1, 17, 2, 18, 2]
F2 = [0, 0, 0, 0, 0, 0, 0, 0, 0, 0, 0, 0, 0, 0, 0, 0, 0, 0, 0, 0, 0, 0, 0, 0, 0, 0, 0, 0, 0, 0]
T = [4800, 2100, 2900, 2600, 7300, 20100, 4400, 3300, 2100, 14400, 23200, 10300, 3700, 7000, 9800, 4000, 10200, 15000, 4300, 6700, 13500, 43300, 5900, 7500, 6900, 700, 5800, 1300, 6100, 1600]
T2 = [0, 0, 0, 0, 0, 0, 0, 0, 0, 0, 0, 0, 0, 0, 0, 0, 0, 0, 0, 0, 0, 0, 0, 0, 0, 0, 0, 0, 0, 0]

rlapts id 92
F = [9, 1, 15, 2, 25, 10, 2, 9, 9, 22, 3, 21, 5, 4, 73, 1, 4, 1, 3, 7, 38, 9, 2, 26, 30, 26, 8, 18, 6, 10]
F2 = [0, 0, 0, 0, 0, 0, 0, 0, 0, 0, 0, 0, 0, 0, 0, 0, 0, 0, 0, 0, 0, 0, 0, 0, 0, 0, 0, 0, 0, 0]
T = [7800, 1500, 9000, 2200, 16300, 6300, 2000, 6400, 5600, 12500, 2400, 12100, 4700, 3400, 39300, 1000, 3400, 1000, 2500, 4400, 21000, 8600, 3200, 18700, 18400, 14900, 5500, 10500, 4300, 6900]
T2 = [0, 0, 0, 0, 0, 0, 0, 0, 0, 0, 0, 0, 0, 0, 0, 0, 0, 0, 0, 0, 0, 0, 0, 0, 0, 0, 0, 0, 0, 0]
