rpt id 17
F = [27, 26, 26, 47, 56, 54, 50, 16, 29, 21, 13, 24, 25, 19, 78, 23, 31, 68, 81, 21, 19, 18, 43, 22, 16, 21, 71, 23, 27, 33]
F2 = [1811, 354, 917, 139, 59, 508, 79, 133, 329, 741, 191, 5, 123, 1285, 446, 19, 8, 114, 259, 554, 556, 22, 396, 2111, 1661, 648, 385, 937, 224, 16]
T = [10100, 9900, 9700, 17500, 19100, 18700, 17700, 5800, 10100, 9500, 5200, 9000, 10100, 7800, 27900, 9900, 11900, 23900, 29600, 9400, 8100, 7100, 15900, 8900, 6200, 7600, 32700, 9200, 11100, 12700]
T2 = [615700, 119700, 307100, 46100, 19800, 172000, 26000, 44400, 110900, 247800, 65300, 1600, 41700, 433800, 148300, 6400, 2800, 39300, 86900, 185000, 192100, 7300, 132400, 740500, 566600, 217300, 196900, 331800, 85700, 5500]

drt id 153
F = [19, 19, 20, 24, 20, 25, 22, 28, 47, 18, 21, 21, 17, 54, 144, 23, 15, 17, 16, 57, 27, 23, 21, 20, 51, 18, 47, 40, 23, 53]
F2 = [9, 108, 469, 9, 394, 2548, 127, 510, 1100, 291, 257, 13, 191, 78, 967, 367, 16, 15, 11, 291, 992, 374, 516, 13, 84, 1724, 406, 60, 283, 550]
T = [8800, 8600, 8600, 11900, 8600, 11700, 9200, 12400, 18800, 8600, 10500, 9900, 8800, 21100, 51100, 9900, 9800, 8600, 15000, 22300, 11400, 15500, 10200, 10400, 19800, 10100, 18100, 15200, 11500, 31100]
T2 = [3900, 36800, 162500, 4600, 144900, 994600, 43100, 184700, 378400, 97600, 111100, 6100, 66900, 27200, 337400, 123300, 9100, 6900, 6300, 108900, 343600, 128700, 176300, 6000, 28900, 580200, 137600, 20700, 107200, 199500]

mapt id 59
F = [31, 16, 50, 46, 22, 30, 43, 18, 24, 23, 21, 28, 29, 95, 18, 19, 26, 23, 27, 21, 21, 26, 21, 22, 24, 23, 21, 20, 23, 24]
F2 = [610, 1416, 317, 10, 26, 62, 96, 1357, 1327, 439, 347, 11, 585, 463, 341, 19, 146, 524, 192, 334, 109, 549, 22, 423, 556, 145, 17, 13, 130, 542]
T = [13400, 6200, 25800, 15400, 8700, 13700, 14400, 9800, 11900, 8300, 9600, 9800, 9900, 21300, 13200, 8000, 15200, 15200, 10700, 10300, 11200, 8500, 8400, 9300, 10600, 11000, 7600, 6200, 8500, 9100]
T2 = [175700, 941400, 90400, 2600, 5700, 21000, 31600, 440100, 422600, 146100, 107400, 2700, 114600, 98000, 271400, 4700, 36900, 166900, 46300, 90500, 29200, 115100, 6200, 149400, 123000, 55600, 4500, 3600, 31900, 120800]

rapt id 48
F = [12, 41, 57, 34, 21, 21, 28, 20, 25, 27, 23, 26, 32, 24, 21, 28, 18, 26, 21, 22, 17, 43, 18, 22, 24, 35, 24, 56, 25, 17]
F2 = [487, 148, 1269, 134, 67, 412, 15, 14, 109, 250, 538, 138, 11, 505, 424, 527, 416, 15, 159, 9, 8, 1178, 101, 281, 191, 121, 9, 140, 31, 195]
T = [5400, 10300, 14100, 11600, 9500, 8800, 7600, 13000, 8200, 8400, 10300, 13500, 10800, 10900, 7600, 10500, 10000, 11500, 8400, 18600, 7600, 15200, 12500, 9400, 7600, 12200, 8600, 15700, 10400, 7700]
T2 = [141600, 30100, 235100, 66500, 18000, 98800, 17300, 4600, 27800, 49500, 123000, 41800, 2500, 183800, 112300, 163300, 104200, 4000, 137200, 3500, 2200, 382400, 26100, 79700, 47500, 32500, 2500, 36600, 8300, 52800]

rlaptq id 69
F = [25, 18, 30, 15, 34, 21, 25, 16, 21, 23, 41, 21, 24, 22, 39, 37, 28, 16, 24, 28, 17, 20, 23, 44, 21, 25, 23, 18, 14, 32]
F2 = [320, 181, 207, 19, 227, 137, 201, 161, 207, 340, 11, 202, 24, 130, 16, 76, 118, 197, 160, 121, 686, 191, 177, 81, 205, 207, 15, 12, 206, 18]
T = [8200, 6900, 10200, 5700, 13300, 10000, 12000, 7200, 13800, 8400, 17400, 10400, 9200, 9100, 12300, 10400, 7200, 4400, 6800, 8700, 9800, 7600, 7600, 14700, 7100, 10200, 7500, 7200, 6300, 17200]
T2 = [68900, 46500, 43600, 4900, 49600, 32100, 50200, 30700, 48900, 71800, 4000, 57400, 6500, 35000, 4300, 14500, 21500, 32300, 39200, 21100, 100900, 31300, 37500, 22300, 44300, 42300, 2900, 4100, 56800, 5600]

rlapts id 121
F = [19, 51, 21, 24, 24, 22, 17, 20, 27, 25, 16, 55, 26, 15, 23, 68, 54, 31, 49, 16, 26, 21, 21, 23, 19, 12, 21, 19, 18, 26]
F2 = [40, 106, 176, 151, 139, 125, 213, 157, 11, 187, 25, 165, 4, 159, 202, 481, 166, 129, 176, 18, 185, 666, 219, 188, 180, 165, 191, 154, 134, 25]
T = [7100, 12000, 7300, 14100, 12000, 10800, 13000, 7400, 8600, 8100, 10100, 18500, 8500, 6100, 8600, 16300, 16200, 9300, 11200, 4900, 9300, 9600, 7400, 8500, 11000, 7000, 11400, 11100, 6700, 17300]
T2 = [8800, 18500, 32900, 62400, 38200, 21700, 34700, 32600, 3000, 33000, 9600, 34300, 1000, 25700, 34000, 70900, 26700, 22900, 29400, 4000, 44500, 148000, 46800, 32200, 50200, 62900, 45400, 38000, 32900, 5900]
