rpt id 117
F = [53, 51, 114, 109, 54, 135, 326, 687, 69, 148, 381, 223, 55, 278, 129, 8, 11, 51, 85, 417, 491, 48, 202, 294, 58, 272, 132, 57, 92, 89]
F2 = [446, 425, 49, 165, 373, 943, 126, 1495, 242, 759, 33, 1182, 351, 151, 37, 91, 463, 426, 108, 342, 20, 119, 831, 160, 1551, 157, 288, 111, 813, 242]
T = [19400, 23200, 38300, 46000, 20000, 56600, 112400, 229400, 26700, 57000, 128300, 73700, 19400, 97500, 48500, 3500, 4200, 18800, 98800, 157700, 199100, 19800, 76900, 112900, 20500, 107700, 44500, 22200, 31800, 30600]
T2 = [148100, 152600, 16000, 64600, 124100, 387200, 41400, 575900, 90500, 285700, 11400, 397900, 119800, 50200, 13700, 30400, 154300, 145100, 37800, 126200, 7600, 76900, 333700, 59000, 516900, 59300, 96600, 50600, 270200, 80900]

drt id 159
F = [52, 296, 276, 318, 34, 60, 96, 48, 85, 5, 46, 53, 82, 470, 40, 37, 325, 41, 50, 52, 194, 42, 55, 537, 135, 56, 48, 108, 7, 480]
F2 = [237, 615, 34, 8, 361, 307, 153, 415, 20, 1719, 405, 290, 333, 62, 391, 678, 11, 471, 281, 58, 559, 489, 467, 405, 54, 318, 361, 39, 331, 1045]
T = [22400, 129000, 94100, 138100, 13800, 24000, 36900, 22200, 31300, 6100, 24700, 21300, 29500, 160100, 20300, 17400, 109700, 15800, 19100, 23600, 74000, 15700, 30400, 181800, 63700, 24800, 21400, 45200, 5700, 161900]
T2 = [87600, 322400, 11600, 3800, 124600, 128700, 53200, 156100, 7000, 689300, 137100, 96300, 116700, 21200, 135200, 229900, 3500, 157900, 94000, 23000, 215600, 172100, 192200, 135900, 22700, 111000, 135500, 15100, 135100, 355100]

mapt id 65
F = [41, 41, 122, 90, 51, 125, 142, 50, 139, 139, 133, 56, 49, 44, 140, 125, 142, 158, 129, 120, 133, 154, 123, 59, 418, 49, 138, 144, 130, 48]
F2 = [145, 241, 388, 433, 404, 47, 39, 259, 1290, 45, 201, 274, 266, 273, 172, 282, 189, 182, 296, 291, 267, 205, 199, 272, 728, 274, 367, 367, 182, 379]
T = [17800, 26100, 47600, 34900, 25300, 47300, 58700, 22500, 53200, 52400, 50900, 23500, 21700, 22600, 54100, 50300, 56100, 63200, 50000, 44100, 52100, 63200, 49400, 29900, 168800, 21400, 53000, 54400, 54300, 19600]
T2 = [50700, 85900, 135500, 156900, 157500, 17400, 14000, 90600, 451700, 16400, 71000, 105700, 94100, 116600, 63400, 100200, 66100, 115500, 105500, 110400, 92300, 86700, 69800, 141600, 268500, 93900, 128900, 128400, 70200, 131200]

rapt id 104
F = [131, 177, 193, 53, 44, 85, 142, 307, 231, 47, 41, 51, 37, 48, 77, 74, 5, 106, 81, 69, 125, 97, 55, 41, 60, 57, 89, 127, 129, 130]
F2 = [242, 100, 108, 279, 368, 244, 450, 44, 40, 1194, 278, 300, 534, 127, 15, 13, 196, 218, 142, 766, 799, 244, 17, 267, 275, 138, 30, 57, 470, 43]
T = [48500, 64000, 71800, 24700, 37500, 35100, 56000, 122700, 91600, 19400, 40100, 23200, 16800, 26600, 30200, 31200, 5800, 38700, 30500, 29400, 46300, 35300, 21400, 16900, 23400, 23300, 33900, 45800, 49100, 48300]
T2 = [83100, 39200, 37200, 99300, 143700, 120700, 154900, 22300, 14100, 428200, 157000, 147700, 186600, 73400, 5400, 5200, 68500, 75600, 49900, 264900, 274700, 84700, 6500, 98700, 98200, 50400, 10800, 20200, 162400, 15400]

rlaptq id 73
F = [49, 44, 42, 69, 67, 41, 315, 70, 156, 34, 54, 53, 51, 53, 50, 35, 81, 126, 48, 79, 58, 48, 81, 60, 99, 77, 37, 52, 57, 43]
F2 = [612, 47, 120, 439, 122, 229, 536, 24, 242, 468, 401, 111, 124, 154, 398, 132, 196, 137, 205, 323, 209, 136, 21, 201, 39, 249, 114, 276, 189, 452]
T = [26000, 30800, 23100, 40700, 40300, 40800, 148600, 35800, 75200, 21100, 30700, 28400, 28300, 27200, 25100, 22800, 41300, 60500, 27000, 40600, 30600, 41600, 44700, 32700, 49300, 38600, 20600, 35800, 34700, 28200]
T2 = [238700, 23200, 61600, 171300, 54900, 99800, 177100, 12200, 95000, 198400, 171600, 50900, 56600, 69100, 165300, 61200, 87900, 59500, 89600, 141700, 94000, 97900, 9800, 96000, 17000, 104200, 52000, 134500, 83000, 193900]

rlapts id 64
F = [77, 53, 50, 42, 45, 38, 309, 51, 30, 47, 47, 10, 106, 198, 25, 40, 90, 40, 68, 39, 81, 41, 133, 45, 11, 53, 40, 124, 142, 118]
F2 = [112, 237, 461, 224, 188, 94, 128, 386, 453, 282, 122, 351, 261, 63, 344, 127, 232, 142, 304, 116, 129, 104, 40, 323, 240, 389, 215, 168, 171, 42]
T = [39600, 28200, 27300, 35300, 27000, 24900, 148100, 27700, 17300, 26500, 28300, 8800, 52400, 97500, 18600, 25400, 48800, 22000, 34700, 22300, 41500, 24400, 65100, 24100, 8500, 30100, 39100, 80700, 70000, 61700]
T2 = [50100, 103000, 184500, 118700, 87400, 44800, 45500, 159400, 180500, 120100, 54800, 152300, 112800, 26500, 159400, 57900, 97300, 64400, 125200, 54000, 57600, 49400, 20700, 136500, 106000, 163500, 154800, 81200, 76100, 18400]
