rpt id 19
F = [21, 54, 66, 15, 13, 14, 94, 80, 24, 16, 14, 95, 18, 70, 16, 82, 33, 55, 27, 18, 20, 17, 13, 19, 11, 80, 17, 19, 13, 19]
F2 = [29, 867, 39, 445, 248, 831, 459, 17, 438, 190, 865, 1213, 13, 449, 11, 49, 817, 606, 1492, 15, 932, 270, 23, 288, 853, 542, 823, 470, 28, 293]
T = [8200, 20800, 23000, 6200, 4700, 6900, 33900, 61100, 9500, 8100, 5700, 32500, 6800, 24300, 6200, 28800, 12400, 18800, 9600, 10300, 10300, 7000, 5500, 7200, 4400, 27700, 7900, 8000, 5200, 38400]
T2 = [9500, 290800, 13300, 151000, 82600, 282700, 153100, 7300, 148200, 84800, 289400, 403800, 4200, 150400, 3900, 16600, 297400, 199400, 506300, 14500, 328600, 95000, 7300, 99000, 294800, 197300, 285400, 156900, 9400, 112900]

drt id 15
F = [19, 20, 74, 22, 15, 15, 41, 11, 49, 14, 84, 50, 25, 19, 13, 30, 23, 58, 37, 20, 19, 12, 41, 75, 95, 17, 42, 51, 25, 17]
F2 = [1394, 406, 1566, 995, 260, 80, 217, 105, 369, 266, 1581, 948, 416, 252, 419, 224, 20, 200, 34, 1386, 399, 176, 225, 26, 175, 76, 259, 212, 731, 244]
T = [16800, 10300, 32700, 12800, 7900, 10400, 24400, 7800, 34200, 9000, 38500, 26600, 13800, 11300, 7400, 14900, 12100, 23300, 15300, 10300, 9500, 7600, 19200, 29400, 43100, 10300, 19400, 25800, 12100, 10100]
T2 = [544900, 222000, 867400, 358500, 89900, 27600, 91500, 43400, 146900, 95600, 845500, 336000, 144300, 108500, 172200, 80000, 7000, 69500, 11400, 484300, 142300, 64000, 77300, 9400, 60100, 26600, 93400, 74200, 252400, 84300]

mapt id 14
F = [34, 49, 21, 60, 21, 37, 44, 28, 31, 25, 15, 40, 58, 70, 51, 53, 88, 16, 17, 14, 12, 13, 47, 10, 25, 14, 60, 16, 14, 12]
F2 = [68, 1418, 93, 200, 280, 59, 405, 878, 15, 873, 109, 58, 242, 185, 226, 789, 400, 473, 1414, 273, 451, 86, 234, 857, 799, 283, 243, 70, 278, 22]
T = [19300, 20900, 12200, 25900, 9600, 19000, 21500, 14100, 14500, 15000, 8700, 18000, 26700, 28900, 22100, 23600, 38700, 11400, 10300, 10300, 9100, 9300, 21100, 8500, 13200, 8600, 25400, 10400, 11200, 7900]
T2 = [45300, 537900, 34600, 72700, 109400, 21200, 199800, 314200, 5300, 314600, 39500, 21400, 87100, 65100, 82100, 280100, 142600, 195100, 535800, 130500, 161000, 31200, 84000, 370300, 291900, 101400, 87300, 26000, 101300, 9000]

rapt id 18
F = [92, 17, 41, 21, 17, 21, 82, 15, 23, 15, 12, 11, 15, 27, 12, 23, 16, 98, 38, 68, 26, 16, 45, 40, 16, 78, 15, 19, 18, 14]
F2 = [164, 68, 53, 208, 283, 113, 10, 12, 34, 1299, 88, 241, 545, 71, 495, 1058, 73, 134, 43, 49, 1186, 14, 184, 48, 368, 208, 56, 690, 91, 275]
T = [41400, 14400, 18500, 11800, 10700, 12900, 37600, 9200, 12700, 12000, 9200, 8100, 9800, 13100, 12100, 21500, 12000, 46000, 21800, 35200, 24500, 9400, 20700, 18100, 10200, 37000, 10600, 13900, 13200, 9400]
T2 = [66300, 24200, 19500, 73200, 101100, 39800, 3600, 5100, 18700, 454000, 32400, 122400, 201400, 24600, 231900, 497700, 29300, 56400, 18300, 20000, 424000, 4800, 72300, 16700, 127600, 90400, 20200, 247200, 34600, 97500]

rlaptq id 10
F = [31, 23, 11, 40, 32, 20, 29, 19, 42, 32, 13, 23, 86, 19, 44, 25, 13, 41, 10, 19, 12, 20, 41, 22, 18, 20, 21, 27, 81, 17]
F2 = [22, 117, 123, 60, 17, 11, 28, 90, 54, 54, 90, 771, 303, 103, 228, 567, 76, 30, 758, 85, 280, 78, 95, 22, 243, 694, 87, 105, 183, 105]
T = [16300, 12700, 7900, 21200, 16200, 16500, 17300, 10800, 22200, 18100, 8300, 18200, 45100, 13500, 22700, 14500, 8500, 23300, 6500, 13500, 6900, 12800, 24400, 11800, 10800, 14000, 25200, 15300, 40300, 9800]
T2 = [10500, 51700, 54900, 26600, 7400, 5700, 13000, 40000, 23300, 25900, 44000, 369900, 109500, 59200, 87100, 206100, 35600, 13700, 290800, 44700, 115000, 37200, 49300, 10200, 96000, 262900, 43300, 46500, 73100, 49100]

rlapts id 8
F = [22, 26, 38, 26, 17, 21, 47, 36, 19, 61, 17, 40, 56, 19, 14, 14, 19, 17, 15, 12, 18, 15, 18, 16, 19, 20, 16, 110, 13, 99]
F2 = [12, 468, 242, 109, 461, 15, 74, 16, 26, 49, 18, 80, 214, 17, 14, 251, 109, 29, 308, 406, 254, 506, 346, 16, 32, 83, 103, 11, 86, 200]
T = [13700, 15600, 21200, 18200, 11000, 13300, 25000, 20600, 14800, 33800, 14800, 24500, 29300, 16000, 13000, 11200, 12900, 13700, 10600, 8800, 12700, 11700, 11600, 12400, 20200, 22200, 15600, 61600, 15900, 49800]
T2 = [5800, 169400, 95900, 46700, 165400, 6900, 31800, 7400, 12200, 20600, 9300, 34600, 79200, 8000, 6900, 97000, 47400, 13100, 120300, 151700, 108700, 187500, 128000, 11700, 14500, 36100, 45600, 4400, 74700, 71600]
