rpt id 14
F = [26, 22, 110, 103, 110, 109, 486, 84, 305, 33, 841, 527, 95, 99, 97, 110, 101, 101, 122, 513, 80, 285, 299, 99, 869, 120, 285, 84, 94, 82]
F2 = [0, 0, 0, 0, 0, 0, 0, 0, 0, 0, 0, 0, 0, 0, 0, 0, 0, 0, 0, 0, 0, 0, 0, 0, 0, 0, 0, 0, 0, 0]
T = [9400, 8800, 38200, 35700, 38600, 38000, 163400, 28500, 102000, 12100, 336900, 306700, 33600, 34000, 59600, 37000, 52600, 40600, 51300, 171800, 38800, 118900, 105000, 36900, 300600, 41800, 95800, 29700, 44300, 29000]
T2 = [0, 0, 0, 0, 0, 0, 0, 0, 0, 0, 0, 0, 0, 0, 0, 0, 0, 0, 0, 0, 0, 0, 0, 0, 0, 0, 0, 0, 0, 0]

drt id 40
F = [113, 29, 108, 303, 103, 101, 119, 31, 147, 24, 303, 91, 31, 299, 116, 150, 271, 78, 646, 112, 78, 320, 418, 99, 142, 102, 143, 107, 107, 98]
F2 = [0, 0, 0, 0, 0, 0, 0, 0, 0, 0, 0, 0, 0, 0, 0, 0, 0, 0, 0, 0, 0, 0, 0, 0, 0, 0, 0, 0, 0, 0]
T = [40300, 12000, 38200, 106100, 39800, 42500, 45000, 14800, 50400, 10500, 105100, 33900, 13100, 113600, 42200, 57100, 95400, 29100, 311500, 41100, 34000, 110200, 205100, 36500, 56600, 40900, 50700, 40900, 39500, 35400]
T2 = [0, 0, 0, 0, 0, 0, 0, 0, 0, 0, 0, 0, 0, 0, 0, 0, 0, 0, 0, 0, 0, 0, 0, 0, 0, 0, 0, 0, 0, 0]

mapt id 45
F = [110, 109, 112, 120, 112, 114, 146, 113, 30, 119, 104, 122, 115, 101, 110, 284, 97, 120, 30, 578, 308, 141, 106, 105, 105, 124, 27, 108, 509, 106]
F2 = [0, 0, 0, 0, 0, 0, 0, 0, 0, 0, 0, 0, 0, 0, 0, 0, 0, 0, 0, 0, 0, 0, 0, 0, 0, 0, 0, 0, 0, 0]
T = [59800, 44200, 43500, 45700, 44900, 44800, 73300, 43700, 23600, 46400, 50000, 47000, 69700, 40600, 42900, 123300, 40700, 46100, 13900, 293700, 110900, 52200, 40100, 42000, 40300, 66100, 12800, 42500, 187400, 49100]
T2 = [0, 0, 0, 0, 0, 0, 0, 0, 0, 0, 0, 0, 0, 0, 0, 0, 0, 0, 0, 0, 0, 0, 0, 0, 0, 0, 0, 0, 0, 0]

rapt id 77
F = [86, 86, 103, 117, 113, 111, 125, 131, 301, 293, 25, 117, 106, 120, 136, 79, 93, 275, 111, 118, 144, 84, 170, 118, 95, 81, 92, 112, 85, 32]
F2 = [0, 0, 0, 0, 0, 0, 0, 0, 0, 0, 0, 0, 0, 0, 0, 0, 0, 0, 0, 0, 0, 0, 0, 0, 0, 0, 0, 0, 0, 0]
T = [47100, 37200, 45100, 42800, 45000, 49700, 47600, 51700, 111000, 115700, 17100, 44300, 40200, 74700, 51500, 42900, 41800, 151400, 56000, 55000, 90700, 43400, 64400, 60200, 40200, 39100, 35300, 50700, 35400, 15700]
T2 = [0, 0, 0, 0, 0, 0, 0, 0, 0, 0, 0, 0, 0, 0, 0, 0, 0, 0, 0, 0, 0, 0, 0, 0, 0, 0, 0, 0, 0, 0]

rlaptq id 5
F = [310, 84, 122, 111, 31, 26, 91, 27, 112, 125, 75, 114, 119, 102, 27, 107, 146, 24, 27, 82, 101, 112, 108, 104, 105, 116, 108, 110, 90, 76]
F2 = [0, 0, 0, 0, 0, 0, 0, 0, 0, 0, 0, 0, 0, 0, 0, 0, 0, 0, 0, 0, 0, 0, 0, 0, 0, 0, 0, 0, 0, 0]
T = [174600, 30500, 39800, 36400, 9600, 20300, 34800, 9700, 34000, 44600, 33400, 55500, 53600, 34000, 9900, 52500, 63900, 12500, 16400, 27700, 44800, 39200, 47400, 45200, 43300, 46900, 61100, 39000, 32700, 24900]
T2 = [0, 0, 0, 0, 0, 0, 0, 0, 0, 0, 0, 0, 0, 0, 0, 0, 0, 0, 0, 0, 0, 0, 0, 0, 0, 0, 0, 0, 0, 0]

rlapts id 60
F = [82, 107, 115, 102, 106, 25, 107, 110, 110, 122, 94, 96, 110, 90, 79, 25, 23, 100, 112, 100, 83, 95, 109, 482, 97, 108, 109, 125, 89, 81]
F2 = [0, 0, 0, 0, 0, 0, 0, 0, 0, 0, 0, 0, 0, 0, 0, 0, 0, 0, 0, 0, 0, 0, 0, 0, 0, 0, 0, 0, 0, 0]
T = [55000, 44700, 49300, 72500, 47900, 18500, 54800, 48100, 56200, 70600, 69500, 41400, 46500, 38500, 36100, 17800, 15000, 43100, 48100, 53300, 37300, 41100, 63500, 183300, 44400, 46400, 45200, 50600, 47800, 36600]
T2 = [0, 0, 0, 0, 0, 0, 0, 0, 0, 0, 0, 0, 0, 0, 0, 0, 0, 0, 0, 0, 0, 0, 0, 0, 0, 0, 0, 0, 0, 0]
