rpt id 124
F = [107, 19, 248, 10, 2, 7, 144, 33, 100, 147, 196, 3, 44, 59, 5, 78, 54, 145, 5, 122, 70, 3, 86, 23, 124, 45, 124, 121, 14, 14]
F2 = [0, 0, 0, 0, 0, 0, 0, 0, 0, 0, 0, 0, 0, 0, 0, 0, 0, 0, 0, 0, 0, 0, 0, 0, 0, 0, 0, 0, 0, 0]
T = [37500, 9800, 84400, 4300, 1600, 5300, 50400, 13100, 35200, 49800, 66200, 1900, 16000, 20400, 2900, 27500, 20100, 48900, 2200, 42700, 24500, 1700, 29500, 8300, 41300, 16400, 43200, 40600, 5200, 5700]
T2 = [0, 0, 0, 0, 0, 0, 0, 0, 0, 0, 0, 0, 0, 0, 0, 0, 0, 0, 0, 0, 0, 0, 0, 0, 0, 0, 0, 0, 0, 0]

drt id 31
F = [8, 69, 55, 110, 50, 24, 2, 19, 5, 5, 83, 2, 8, 12, 2, 21, 105, 62, 144, 7, 58, 73, 9, 112, 67, 103, 57, 60, 81, 170]
F2 = [0, 0, 0, 0, 0, 0, 0, 0, 0, 0, 0, 0, 0, 0, 0, 0, 0, 0, 0, 0, 0, 0, 0, 0, 0, 0, 0, 0, 0, 0]
T = [6100, 31800, 33700, 41800, 24600, 15900, 5400, 13900, 8300, 9500, 33100, 3900, 10000, 8500, 4100, 17100, 40200, 23600, 52600, 5600, 23500, 28200, 7700, 43100, 28800, 39000, 22800, 24500, 31300, 61600]
T2 = [0, 0, 0, 0, 0, 0, 0, 0, 0, 0, 0, 0, 0, 0, 0, 0, 0, 0, 0, 0, 0, 0, 0, 0, 0, 0, 0, 0, 0, 0]

mapt id 38
F = [28, 94, 147, 4, 3, 2, 58, 2, 67, 5, 75, 5, 28, 65, 83, 70, 25, 2, 96, 75, 3, 104, 9, 157, 54, 65, 46, 6, 3, 17]
F2 = [0, 0, 0, 0, 0, 0, 0, 0, 0, 0, 0, 0, 0, 0, 0, 0, 0, 0, 0, 0, 0, 0, 0, 0, 0, 0, 0, 0, 0, 0]
T = [13600, 38100, 56400, 4900, 4200, 3700, 25400, 3300, 29100, 4800, 30500, 5300, 16200, 37100, 34500, 29800, 15800, 4400, 38100, 39800, 7100, 40600, 7200, 65200, 26400, 28500, 26500, 9500, 4600, 13400]
T2 = [0, 0, 0, 0, 0, 0, 0, 0, 0, 0, 0, 0, 0, 0, 0, 0, 0, 0, 0, 0, 0, 0, 0, 0, 0, 0, 0, 0, 0, 0]

rapt id 45
F = [48, 78, 74, 73, 84, 21, 70, 23, 39, 2, 46, 10, 5, 62, 2, 89, 5, 2, 85, 8, 3, 2, 2, 9, 100, 14, 12, 87, 3, 2]
F2 = [0, 0, 0, 0, 0, 0, 0, 0, 0, 0, 0, 0, 0, 0, 0, 0, 0, 0, 0, 0, 0, 0, 0, 0, 0, 0, 0, 0, 0, 0]
T = [21400, 30200, 30200, 29200, 32600, 14200, 31000, 13200, 18900, 7000, 23000, 6700, 4700, 32800, 3600, 34600, 8100, 5400, 33600, 6600, 5600, 10700, 4300, 10000, 67200, 9200, 7200, 37000, 3800, 3900]
T2 = [0, 0, 0, 0, 0, 0, 0, 0, 0, 0, 0, 0, 0, 0, 0, 0, 0, 0, 0, 0, 0, 0, 0, 0, 0, 0, 0, 0, 0, 0]

rlaptq id 51
F = [2, 4, 3, 4, 2, 5, 11, 16, 5, 4, 60, 64, 2, 3, 19, 2, 61, 53, 5, 2, 72, 2, 22, 49, 8, 2, 2, 48, 67, 15]
F2 = [0, 0, 0, 0, 0, 0, 0, 0, 0, 0, 0, 0, 0, 0, 0, 0, 0, 0, 0, 0, 0, 0, 0, 0, 0, 0, 0, 0, 0, 0]
T = [4200, 10100, 5600, 4600, 3400, 6400, 8700, 10400, 5600, 8800, 32900, 34000, 5100, 11200, 11600, 2500, 34500, 29300, 4800, 3300, 36400, 2700, 13500, 27700, 7200, 3500, 3600, 25500, 38000, 13200]
T2 = [0, 0, 0, 0, 0, 0, 0, 0, 0, 0, 0, 0, 0, 0, 0, 0, 0, 0, 0, 0, 0, 0, 0, 0, 0, 0, 0, 0, 0, 0]

rlapts id 133
F = [11, 28, 9, 72, 73, 2, 4, 24, 38, 13, 2, 23, 3, 5, 82, 5, 2, 4, 67, 12, 5, 11, 5, 2, 57, 46, 2, 15, 56, 52]
F2 = [0, 0, 0, 0, 0, 0, 0, 0, 0, 0, 0, 0, 0, 0, 0, 0, 0, 0, 0, 0, 0, 0, 0, 0, 0, 0, 0, 0, 0, 0]
T = [7600, 16200, 7100, 35200, 34800, 3100, 6600, 14600, 21200, 8900, 4100, 19000, 7700, 6300, 40800, 8400, 7800, 5400, 33800, 12700, 13400, 9200, 7100, 8000, 32100, 27300, 5200, 10100, 30300, 26600]
T2 = [0, 0, 0, 0, 0, 0, 0, 0, 0, 0, 0, 0, 0, 0, 0, 0, 0, 0, 0, 0, 0, 0, 0, 0, 0, 0, 0, 0, 0, 0]
