rpt id 73
F = [4, 4, 3, 13, 4, 4, 11, 17, 3, 4, 4, 14, 4, 6, 5, 6, 10, 6, 16, 11, 2, 4, 3, 4, 5, 7, 2, 19, 11, 4]
F2 = [47, 20, 17, 13, 4, 9, 10, 3, 12, 10, 27, 7, 12, 7, 14, 16, 18, 20, 5, 7, 23, 10, 10, 13, 30, 12, 18, 21, 19, 11]
T = [5101, 3099, 3502, 5202, 2600, 2900, 5902, 7300, 3700, 1800, 3200, 6901, 3502, 3200, 2399, 3100, 4700, 2800, 6600, 4501, 1200, 1801, 3001, 2700, 2100, 3601, 1800, 7398, 6001, 2401]
T2 = [18302, 7600, 9201, 4200, 1600, 4098, 4001, 1000, 3999, 3801, 9700, 2500, 4200, 2399, 4800, 5901, 6299, 7001, 1601, 2200, 8100, 3500, 4101, 4701, 10699, 4001, 7001, 6800, 6200, 3800]

drt id 32
F = [3, 7, 4, 6, 8, 3, 6, 9, 9, 5, 5, 4, 9, 17, 13, 5, 7, 6, 8, 7, 5, 5, 5, 17, 13, 5, 6, 4, 4, 6]
F2 = [11, 26, 12, 8, 11, 5, 10, 16, 30, 29, 10, 15, 26, 10, 2, 10, 9, 13, 7, 4, 4, 27, 29, 37, 5, 2, 21, 12, 27, 10]
T = [5200, 20099, 5100, 4201, 4499, 5400, 4900, 4900, 6201, 4899, 4600, 6301, 5199, 8000, 7599, 3699, 15099, 4000, 4401, 7200, 3299, 4201, 3100, 8100, 6399, 3299, 6001, 6602, 5300, 4100]
T2 = [4499, 9401, 4900, 2800, 3700, 2100, 3699, 6002, 10100, 9798, 3499, 9400, 8399, 3499, 700, 3501, 3801, 4900, 2401, 1500, 1400, 9000, 9602, 12300, 1701, 1000, 7200, 4400, 11897, 3499]

mapt id 126
F = [6, 2, 12, 11, 5, 8, 17, 8, 5, 4, 14, 6, 4, 4, 8, 5, 4, 12, 8, 8, 10, 7, 2, 9, 5, 7, 7, 4, 9, 7]
F2 = [8, 40, 23, 9, 10, 19, 15, 2, 2, 15, 2, 2, 19, 16, 9, 11, 8, 36, 9, 19, 4, 11, 21, 12, 7, 11, 19, 7, 5, 9]
T = [10100, 5399, 6999, 7099, 3802, 7099, 8998, 5099, 7101, 3800, 9701, 7799, 6002, 5800, 7100, 4101, 4200, 8601, 6600, 5200, 6499, 3900, 2600, 5799, 5200, 5201, 4200, 3700, 7801, 4299]
T2 = [3501, 18400, 8799, 3501, 3301, 7399, 6100, 800, 1100, 6101, 901, 900, 10499, 6099, 4201, 4599, 3199, 13100, 3300, 7601, 1400, 4498, 10599, 4999, 2999, 4499, 9300, 2801, 2299, 3601]

rapt id 133
F = [12, 8, 6, 5, 9, 5, 5, 5, 8, 8, 7, 9, 7, 10, 5, 6, 5, 5, 4, 5, 8, 6, 4, 3, 8, 6, 7, 5, 5, 5]
F2 = [31, 28, 10, 3, 13, 20, 8, 14, 14, 15, 14, 20, 17, 9, 3, 14, 10, 7, 13, 19, 4, 21, 14, 8, 2, 3, 22, 9, 9, 10]
T = [7102, 5700, 5100, 4999, 6403, 5199, 6498, 5099, 7700, 6800, 5300, 6798, 6699, 7298, 3801, 5399, 5001, 6599, 5798, 5500, 8200, 4799, 3598, 6299, 5500, 4301, 7200, 5700, 4299, 7200]
T2 = [12100, 10600, 4001, 1000, 5601, 8902, 3000, 5601, 5502, 6200, 5399, 8098, 6501, 3400, 1301, 5100, 3800, 3300, 5700, 7301, 1500, 7800, 5399, 3501, 700, 1100, 8801, 3099, 3600, 4199]

rlaptq id 13
F = [11, 6, 8, 11, 7, 9, 16, 6, 4, 9, 3, 6, 11, 3, 5, 8, 17, 6, 3, 8, 4, 4, 5, 6, 6, 5, 6, 3, 5, 5]
F2 = [7, 3, 3, 15, 4, 4, 4, 7, 5, 10, 7, 8, 3, 14, 12, 3, 2, 7, 8, 11, 17, 15, 19, 7, 9, 10, 10, 27, 28, 25]
T = [4400, 3800, 4601, 5100, 4500, 5099, 6200, 3800, 6400, 5598, 3700, 5501, 9601, 3900, 7501, 8600, 14700, 5800, 5301, 6299, 9001, 13300, 4800, 4600, 4001, 2999, 4400, 4701, 4300, 3400]
T2 = [1300, 899, 500, 2600, 800, 1000, 1100, 1900, 1200, 2700, 1900, 2500, 699, 3901, 2098, 700, 700, 2499, 2999, 1900, 3000, 3700, 4500, 1800, 2000, 2602, 1901, 6701, 6200, 4601]

rlapts id 16
F = [19, 4, 10, 3, 5, 7, 5, 7, 4, 13, 6, 8, 5, 2, 11, 3, 6, 3, 2, 4, 8, 7, 3, 6, 5, 6, 8, 4, 8, 2]
F2 = [3, 10, 13, 24, 15, 5, 3, 3, 7, 8, 16, 5, 11, 35, 3, 18, 7, 6, 11, 18, 7, 19, 13, 3, 25, 19, 3, 6, 2, 14]
T = [6502, 4101, 4800, 6201, 6199, 6199, 3699, 3500, 3199, 8998, 6599, 4100, 3899, 4600, 7100, 5301, 6200, 5500, 4700, 5198, 6399, 5601, 3800, 7401, 5301, 4501, 4799, 6501, 7900, 3500]
T2 = [600, 2100, 2799, 4901, 3300, 700, 500, 600, 1600, 2000, 4000, 1100, 3400, 9501, 600, 5499, 2198, 1500, 2899, 5698, 2500, 3601, 2800, 499, 5100, 3299, 600, 1001, 500, 3800]
