rpt id 60
F = [3, 1, 12, 10, 3, 25, 31, 42, 23, 22, 31, 94, 32, 53, 53, 67, 19, 49, 29, 23, 9, 6, 31, 9, 6, 2, 1, 4, 18, 71]
F2 = [0, 0, 0, 0, 0, 0, 0, 0, 0, 0, 0, 0, 0, 0, 0, 0, 0, 0, 0, 0, 0, 0, 0, 0, 0, 0, 0, 0, 0, 0]
T = [3700, 1600, 4500, 4700, 2100, 8700, 10500, 11300, 8900, 6100, 13300, 29000, 11100, 18800, 18800, 21500, 6600, 12000, 10000, 7500, 3800, 2100, 8900, 2900, 1700, 600, 1800, 2100, 7200, 12200]
T2 = [0, 0, 0, 0, 0, 0, 0, 0, 0, 0, 0, 0, 0, 0, 0, 0, 0, 0, 0, 0, 0, 0, 0, 0, 0, 0, 0, 0, 0, 0]

drt id 57
F = [32, 32, 15, 26, 20, 13, 12, 14, 23, 2, 106, 11, 7, 37, 51, 43, 52, 25, 9, 19, 2, 18, 22, 6, 12, 1, 4, 20, 7, 7]
F2 = [0, 0, 0, 0, 0, 0, 0, 0, 0, 0, 0, 0, 0, 0, 0, 0, 0, 0, 0, 0, 0, 0, 0, 0, 0, 0, 0, 0, 0, 0]
T = [9100, 9700, 26800, 6300, 5300, 2900, 3400, 3300, 6100, 1100, 23900, 2600, 1700, 8000, 11300, 10100, 11900, 5900, 2500, 4000, 900, 4800, 5200, 2200, 3500, 600, 1400, 4900, 1600, 1300]
T2 = [0, 0, 0, 0, 0, 0, 0, 0, 0, 0, 0, 0, 0, 0, 0, 0, 0, 0, 0, 0, 0, 0, 0, 0, 0, 0, 0, 0, 0, 0]

mapt id 55
F = [13, 23, 10, 27, 53, 24, 11, 25, 1, 17, 39, 36, 39, 1, 7, 9, 10, 37, 8, 12, 33, 5, 41, 3, 9, 3, 9, 16, 53, 2]
F2 = [0, 0, 0, 0, 0, 0, 0, 0, 0, 0, 0, 0, 0, 0, 0, 0, 0, 0, 0, 0, 0, 0, 0, 0, 0, 0, 0, 0, 0, 0]
T = [10600, 8000, 3900, 7000, 12100, 5200, 2400, 6500, 300, 4600, 10100, 8100, 8800, 500, 1800, 2300, 2500, 20300, 2500, 3100, 7700, 1800, 10200, 1300, 3200, 1700, 2900, 4100, 12500, 1300]
T2 = [0, 0, 0, 0, 0, 0, 0, 0, 0, 0, 0, 0, 0, 0, 0, 0, 0, 0, 0, 0, 0, 0, 0, 0, 0, 0, 0, 0, 0, 0]

rapt id 51
F = [4, 1, 6, 3, 39, 25, 4, 22, 19, 6, 28, 5, 14, 41, 23, 8, 18, 7, 83, 3, 2, 6, 34, 9, 4, 8, 5, 23, 3, 20]
F2 = [0, 0, 0, 0, 0, 0, 0, 0, 0, 0, 0, 0, 0, 0, 0, 0, 0, 0, 0, 0, 0, 0, 0, 0, 0, 0, 0, 0, 0, 0]
T = [6200, 800, 2800, 1800, 9000, 6200, 2400, 5500, 5000, 1900, 6800, 2000, 3800, 9600, 5800, 2100, 5300, 2100, 19800, 3200, 2100, 2600, 9000, 2700, 2300, 2800, 2300, 6000, 1200, 4800]
T2 = [0, 0, 0, 0, 0, 0, 0, 0, 0, 0, 0, 0, 0, 0, 0, 0, 0, 0, 0, 0, 0, 0, 0, 0, 0, 0, 0, 0, 0, 0]

rlaptq id 89
F = [32, 27, 34, 13, 9, 20, 2, 6, 5, 4, 17, 18, 50, 1, 2, 1, 6, 16, 18, 14, 35, 12, 17, 6, 22, 6, 1, 9, 11, 24]
F2 = [0, 0, 0, 0, 0, 0, 0, 0, 0, 0, 0, 0, 0, 0, 0, 0, 0, 0, 0, 0, 0, 0, 0, 0, 0, 0, 0, 0, 0, 0]
T = [8200, 5500, 6300, 2900, 1800, 3900, 600, 1500, 1900, 1200, 3900, 4000, 10400, 300, 500, 300, 1300, 3400, 3900, 3200, 7700, 3000, 3600, 1200, 4700, 1500, 300, 2600, 2000, 5500]
T2 = [0, 0, 0, 0, 0, 0, 0, 0, 0, 0, 0, 0, 0, 0, 0, 0, 0, 0, 0, 0, 0, 0, 0, 0, 0, 0, 0, 0, 0, 0]

rlapts id 98
F = [15, 6, 21, 6, 29, 5, 1, 3, 8, 8, 2, 2, 6, 4, 4, 4, 17, 34, 55, 15, 34, 21, 16, 14, 24, 18, 11, 2, 29, 3]
F2 = [0, 0, 0, 0, 0, 0, 0, 0, 0, 0, 0, 0, 0, 0, 0, 0, 0, 0, 0, 0, 0, 0, 0, 0, 0, 0, 0, 0, 0, 0]
T = [6000, 2100, 10700, 2400, 10100, 2000, 600, 1300, 2700, 2800, 1000, 1100, 2000, 1300, 1300, 1500, 4700, 9200, 14700, 4400, 9700, 5800, 4500, 3900, 6700, 5100, 3600, 800, 7900, 1200]
T2 = [0, 0, 0, 0, 0, 0, 0, 0, 0, 0, 0, 0, 0, 0, 0, 0, 0, 0, 0, 0, 0, 0, 0, 0, 0, 0, 0, 0, 0, 0]
