0;5;0;0;21.0;0.0;false;0
1;5;2;1;6.0;0.0;true;28
2;2;2;1;10.0;608.3693898619053;true;29
3;1;0;1;71.0;986.2569281103507;false;7
4;2;3;0;27.0;599.2674654851884;false;35
5;3;1;1;13.0;2814.2240688743445;false;13
6;3;1;0;48.0;2733.4303666384317;false;11
7;0;0;0;21.0;2108.837860894464;false;1
8;7;3;1;5.0;1690.4841382268348;false;39
9;5;1;1;64.0;0.0;false;14
10;2;3;1;0.0;822.1803070621006;false;37
11;4;3;1;0.0;1493.04201020273;false;37
12;2;3;0;0.0;695.2098844206031;false;33
13;5;2;1;47.0;0.0;false;22
14;7;1;1;38.0;1762.627649766371;false;15
15;5;0;1;40.0;0.0;false;4
16;5;0;1;26.0;0.0;false;4
17;2;3;0;53.0;528.4879659084322;false;35
18;2;0;0;12.0;327.1790380560853;false;1
19;5;0;0;37.0;0.0;false;0
20;6;2;1;57.0;2579.9718885702155;false;23
21;5;1;0;8.0;0.0;false;8
22;5;0;1;0.0;0.0;false;4
23;7;2;0;59.0;1732.6968386271199;true;27
24;5;1;1;13.0;0.0;false;12
25;5;2;1;0.0;0.0;false;20
26;2;2;1;72.0;564.4688598355438;false;23
27;5;0;0;49.0;0.0;false;2
28;5;1;1;24.0;0.0;false;12
29;6;2;1;33.0;2597.663812103406;false;23
30;0;2;0;0.0;2052.7456042369286;true;25
31;6;0;1;18.0;2274.0582477229577;false;5
32;3;3;1;0.0;2881.817087010494;false;37
33;4;2;0;56.0;1464.5681711235088;true;27
34;5;0;0;69.0;0.0;false;2
35;5;2;1;29.0;0.0;false;22
36;3;0;1;26.0;2930.129726289681;false;5
37;3;1;1;20.0;2831.1026468113796;false;13
38;5;2;0;66.0;0.0;false;18
39;2;3;0;43.0;411.6118595128664;false;35
40;5;0;0;7.0;0.0;false;0
41;5;1;1;72.0;219.99757700964307;false;15
42;4;3;0;28.0;1535.0568594688095;false;35
43;5;1;0;31.0;0.0;false;10
44;5;3;1;34.0;0.0;false;38
45;5;1;0;65.0;293.6276070632488;false;11
46;5;3;0;16.0;0.0;false;34
47;5;2;0;2.0;0.0;false;16
48;5;3;0;0.0;0.0;false;32
49;5;2;1;72.0;0.0;false;22
50;3;3;1;57.0;2999.400598598328;false;39
51;0;3;1;0.0;1967.3535503872613;false;37
52;5;2;0;11.0;0.0;false;16
53;5;0;1;49.0;0.0;false;6
54;1;0;1;73.0;887.7866239021635;false;7
55;5;2;0;11.0;0.0;false;16
56;5;1;0;7.0;0.0;false;8
57;2;2;0;8.0;628.6314693992675;false;17
58;5;2;1;22.0;156.84303265774423;false;23
59;4;2;0;45.0;1404.3386278417167;true;27
60;3;2;0;76.0;2754.44502846187;true;27
61;5;2;1;14.0;0.0;true;28
62;3;2;0;9.0;2729.369746359159;true;25
63;5;2;0;78.0;0.0;false;18
64;5;1;0;19.0;0.0;false;8
65;3;3;1;0.0;2896.7675980645035;false;37
66;6;1;0;50.0;2471.916225878534;false;11
67;5;3;1;7.0;0.0;false;38
68;5;3;1;40.0;0.0;false;38
69;5;3;1;37.0;0.0;false;38
70;5;2;0;79.0;0.0;false;18
71;5;3;0;0.0;0.0;false;32
72;2;2;0;12.0;582.6602259001318;false;17
73;6;2;1;41.0;2372.079458159085;true;31
74;5;0;1;53.0;0.0;false;6
75;5;2;1;1.0;0.0;false;20
76;4;2;0;19.0;1378.1931261138798;false;17
77;5;2;1;62.0;0.0;false;22
78;3;1;1;48.0;2984.1850893356473;false;15
79;5;2;1;16.0;0.0;false;20
80;7;2;0;35.0;1800.3151694026742;true;27
81;7;1;1;28.0;1614.9566682324878;false;13
82;2;3;1;0.0;848.0231642050123;false;37
83;1;2;1;11.0;1195.8262870441843;true;29
84;0;2;0;16.0;2205.985593441581;true;25
85;5;3;0;0.0;0.0;false;32
86;2;2;1;12.0;751.196375119177;true;29
87;2;0;0;74.0;415.9804905880642;false;3
88;3;2;1;3.0;2772.061680055212;false;21
89;7;0;0;27.0;1731.347298053835;false;1
90;2;2;1;78.0;753.5499369014152;false;23
91;5;2;1;16.0;0.0;false;20
92;5;2;1;27.0;0.0;true;28
93;5;3;0;40.0;0.0;false;34
94;5;3;1;0.0;0.0;false;36
95;0;0;0;56.0;2092.6788180028766;false;3
96;1;3;1;0.0;952.8484882594393;false;37
97;5;2;1;29.0;0.0;false;22
98;2;0;1;25.0;454.1753712031723;false;5
99;3;1;0;43.0;2608.9899748231396;false;11
100;5;2;0;10.0;0.0;false;16
101;2;0;1;18.0;735.1186659659905;false;5
102;4;3;1;9.0;1382.9069251934902;false;39
103;4;1;1;4.0;1560.9838468909795;false;13
104;3;2;0;50.0;2945.6844767473112;true;27
105;2;2;0;42.0;553.9425312620135;true;27
106;5;1;0;61.0;138.79468704306296;false;11
107;1;2;0;11.0;1138.9847327210716;false;17
108;5;1;0;16.0;0.0;false;8
109;0;0;0;43.0;2031.6184504790526;false;3
110;5;1;0;47.0;0.0;false;10
111;1;0;1;22.0;878.6059387146113;false;5
112;5;2;0;35.0;0.0;false;18
113;4;2;1;0.0;1318.2832055734145;false;21
114;6;3;1;0.0;2512.0271397985807;false;37
115;5;3;1;0.0;178.39014799807106;false;37
116;5;0;1;62.0;0.0;false;6
117;4;0;0;7.0;1542.3710586921998;false;1
118;5;1;0;78.0;0.0;false;10
119;5;2;1;41.0;41.42883795344299;true;31
120;1;2;1;63.0;1037.3123178159062;true;31
121;5;1;1;64.0;0.0;false;14
122;5;1;0;40.0;0.0;false;10
123;3;2;0;24.0;2724.5652293233643;true;25
124;5;2;0;63.0;0.0;true;26
125;5;0;1;11.0;0.0;false;4
126;5;2;0;9.0;0.0;true;24
127;5;0;0;74.0;0.0;false;2
128;5;3;0;0.0;0.0;false;32
129;5;1;0;76.0;0.0;false;10
130;5;2;1;9.0;0.0;true;28
131;3;3;0;0.0;2732.051944961633;false;33
132;3;1;0;1.0;2923.5834787001154;false;9
133;0;0;1;0.0;2186.9691287627024;false;5
134;5;2;1;12.0;119.41156321016389;false;21
135;5;2;1;47.0;0.0;true;30
136;1;0;1;36.0;925.1445436763901;false;5
137;5;2;1;36.0;0.0;false;22
138;5;1;1;67.0;0.0;false;14
139;1;2;0;27.0;1278.1862547423084;false;19
140;5;3;1;0.0;243.8903317360337;false;37
141;0;2;1;39.0;2205.192846352026;true;31
142;0;2;1;75.0;1943.8393109204403;true;31
143;5;2;1;32.0;103.38632221930222;false;23
144;0;2;0;1.0;1933.8373192868726;false;17
145;5;2;0;24.0;0.0;false;18
146;5;3;1;0.0;0.0;false;36
147;4;2;1;31.0;1370.6510531431104;true;31
148;7;3;0;79.0;1758.6405933637457;false;35
149;0;2;1;15.0;2165.3107428255585;false;21
150;5;2;0;58.0;0.0;true;26
151;2;3;0;0.0;805.0016009148227;false;33
152;5;3;0;0.0;131.75097883912522;false;33
153;3;3;1;0.0;2751.69671118532;false;37
154;5;3;1;46.0;0.0;false;38
155;5;3;1;29.0;0.0;false;38
156;5;2;0;6.0;0.0;false;16
157;5;3;1;67.0;0.0;false;38
158;5;0;0;28.0;0.0;false;0
159;4;3;0;78.0;1596.3247049892948;false;35
160;1;3;0;44.0;1120.3302978239565;false;35
161;2;0;1;27.0;707.6964792502063;false;5
162;5;2;1;17.0;0.0;true;28
163;1;2;1;20.0;937.1813076124698;true;29
164;6;3;0;23.0;2461.236460697657;false;35
165;1;3;0;20.0;1127.857931577002;false;35
166;2;3;0;0.0;570.8623735587623;false;33
167;5;2;1;45.0;0.0;true;30
168;6;0;0;21.0;2414.0811408345858;false;1
169;5;0;1;76.0;0.0;false;6
170;5;2;0;60.0;0.0;false;18
171;5;3;0;0.0;0.0;false;32
172;5;3;1;69.0;0.0;false;38
173;1;2;1;19.0;1160.0315546836762;false;21
174;3;2;0;66.0;2673.4985811379124;true;27
175;0;2;1;7.0;2194.034458792379;true;29
176;0;2;0;31.0;2186.7787505038473;false;19
177;4;2;1;61.0;1476.5272007956428;true;31
178;5;2;1;35.0;0.0;false;22
179;1;0;0;18.0;1211.690827857792;false;1
180;3;3;1;0.0;2918.460093478556;false;37
181;1;0;0;39.0;916.9868241513382;false;1
182;5;2;0;67.0;0.0;false;18
183;6;2;1;7.0;2289.7539563009427;false;21
184;5;2;0;23.0;0.0;true;24
185;4;0;0;76.0;1397.4920739093238;false;3
186;3;2;1;26.0;2783.9324694457255;true;29
187;5;3;0;0.0;0.0;false;32
188;5;2;1;13.0;0.0;false;20
189;0;1;1;29.0;2034.0201092985476;false;13
190;5;3;0;0.0;0.0;false;32
191;2;3;0;47.0;852.1827499583576;false;35
192;2;1;1;9.0;335.08487268322654;false;13
193;2;1;0;45.0;521.7947621056136;false;11
194;7;3;0;0.0;1629.1314099394522;false;33
195;5;0;0;78.0;0.0;false;2
196;5;2;1;9.0;0.0;false;20
197;5;3;0;21.0;0.0;false;34
198;5;1;1;66.0;0.0;false;14
199;5;2;0;51.0;0.0;false;18
200;5;3;0;16.0;14.946800474981758;false;35
201;5;2;1;57.0;0.0;false;22
202;2;2;1;7.0;625.6247790814344;true;29
203;5;2;1;20.0;0.0;true;28
204;5;3;1;8.0;0.0;false;38
205;5;1;0;62.0;0.0;false;10
206;5;0;0;21.0;0.0;false;0
207;5;3;1;0.0;0.0;false;36
208;0;1;1;4.0;2097.355074772023;false;13
209;5;0;0;60.0;0.0;false;2
210;5;1;1;37.0;0.0;false;14
211;5;1;1;40.0;0.0;false;14
212;5;2;1;67.0;0.0;false;22
213;5;1;0;10.0;0.0;false;8
214;6;2;1;27.0;2512.721150539309;true;29
215;5;2;1;45.0;0.0;false;22
216;0;3;1;30.0;2202.9489110911686;false;39
217;5;3;0;43.0;0.0;false;34
218;7;3;0;29.0;1800.791311070302;false;35
219;5;1;0;72.0;0.0;false;10
220;4;3;0;0.0;1528.1719262766871;false;33
221;5;2;1;20.0;0.0;false;20
222;2;3;1;0.0;692.8115793736858;false;37
223;5;2;1;59.0;0.0;true;30
224;5;3;0;0.0;0.0;false;32
225;5;3;0;0.0;0.0;false;32
226;5;2;1;69.0;0.0;true;30
227;5;0;0;72.0;242.40925274951485;false;3
228;5;1;1;64.0;0.0;false;14
229;5;2;1;78.0;0.0;false;22
230;5;0;0;32.0;0.0;false;0
231;5;0;1;65.0;0.0;false;6
232;5;3;0;0.0;0.0;false;32
233;7;2;0;1.0;1664.1312204974859;true;25
234;3;2;0;3.0;2968.757471496175;true;25
235;3;3;0;0.0;2975.0784758899235;false;33
236;7;3;0;0.0;1657.0084245142468;false;33
237;5;1;0;24.0;0.0;false;8
238;2;3;1;0.0;642.759032892675;false;37
239;5;0;0;28.0;0.0;false;0
240;5;2;0;40.0;0.0;true;26
241;5;2;1;52.0;0.0;false;22
242;6;2;0;11.0;2394.6270220952483;true;25
243;5;2;0;66.0;0.0;true;26
244;0;2;0;47.0;1999.0337041106661;false;19
245;3;2;1;55.0;2613.628280162724;false;23
246;5;3;0;0.0;0.0;false;32
247;6;2;0;4.0;2348.1418495405123;false;17
248;5;1;0;78.0;0.0;false;10
249;2;1;1;73.0;367.80514349685455;false;15
250;5;1;1;51.0;0.0;false;14
251;5;2;0;13.0;0.0;false;16
252;5;3;0;61.0;0.0;false;34
253;5;1;0;3.0;0.0;false;8
254;0;1;0;21.0;2187.423840680708;false;9
255;5;1;0;16.0;0.0;false;8
256;5;1;0;12.0;0.0;false;8
257;5;1;1;59.0;118.14606048935494;false;15
258;5;2;0;5.0;0.0;false;16
259;5;0;1;64.0;0.0;false;6
260;1;0;1;70.0;889.9501203731077;false;7
261;5;0;1;38.0;0.0;false;4
262;5;0;1;24.0;0.0;false;4
263;4;2;1;5.0;1331.2122583480648;true;29
264;3;0;0;68.0;2721.556063383327;false;3
265;0;1;1;19.0;2229.852247841288;false;13
266;2;0;0;64.0;497.0869005491981;false;3
267;5;1;1;27.0;0.0;false;12
268;5;2;0;72.0;0.0;true;26
269;5;1;1;57.0;0.0;false;14
270;4;3;0;71.0;1597.9841524610838;false;35
271;5;0;1;21.0;0.0;false;4
272;7;1;1;40.0;1715.5304285929597;false;15
273;5;0;1;65.0;0.0;false;6
274;0;1;0;49.0;1958.4004020968423;false;11
275;6;2;0;8.0;2524.30684726872;false;17
276;5;2;0;3.0;0.0;true;24
277;2;2;0;5.0;311.0508654001419;false;17
278;4;3;1;0.0;1425.4293102451884;false;37
279;5;3;0;47.0;0.0;false;34
280;3;3;1;78.0;2616.953129826867;false;39
281;5;2;1;57.0;0.0;false;22
282;5;0;0;11.0;0.0;false;0
283;5;3;1;10.0;0.0;false;38
284;5;0;1;40.0;166.56256537820457;false;5
285;5;1;1;8.0;0.0;false;12
286;6;1;0;36.0;2288.4975131967426;false;11
287;5;2;1;7.0;0.0;false;20
288;5;2;0;50.0;0.0;true;26
289;5;3;1;36.0;0.0;false;38
290;5;2;0;59.0;195.3447300952915;false;19
291;6;2;1;77.0;2514.8307675845313;true;31
292;5;2;0;51.0;0.0;true;26
293;5;3;0;0.0;0.0;false;32
294;0;0;1;22.0;2097.511374130025;false;5
295;5;0;1;30.0;0.0;false;4
296;0;2;0;1.0;2015.9254824890018;false;17
297;5;3;1;0.0;0.0;false;36
298;3;2;1;29.0;2742.110325325354;false;23
299;5;0;0;56.0;0.0;false;2
300;3;1;1;61.0;2758.9068671804857;false;15
301;5;2;1;76.0;0.0;false;22
302;5;1;0;25.0;0.0;false;8
303;2;2;1;6.0;747.3785680153919;false;21
304;3;2;1;75.0;2890.96810238828;true;31
305;5;2;0;18.0;0.0;false;16
306;5;3;0;0.0;0.0;false;32
307;3;2;1;79.0;2703.2142812451107;false;23
308;3;3;0;0.0;2866.8492509264647;false;33
309;5;2;0;65.0;0.0;false;18
310;5;1;0;48.0;0.0;false;10
311;5;2;1;21.0;0.0;true;28
312;2;3;1;35.0;344.667900364487;false;39
313;5;2;0;75.0;0.0;false;18
314;5;2;1;55.0;258.35514271467895;true;31
315;5;0;0;3.0;0.0;false;0
316;4;2;1;4.0;1463.108828258755;true;29
317;6;3;1;0.0;2519.3165129223235;false;37
318;5;3;1;0.0;0.0;false;36
319;4;1;1;56.0;1453.6545913726522;false;15
320;0;2;0;8.0;2122.4294753508616;false;17
321;2;1;1;55.0;693.5380165831288;false;15
322;5;3;0;7.0;190.75277608696462;false;35
323;5;2;0;19.0;0.0;false;16
324;5;2;0;64.0;0.0;true;26
325;5;0;1;37.0;0.0;false;4
326;1;2;1;38.0;1110.6153769100326;true;31
327;0;1;1;64.0;2095.6275206575424;false;15
328;5;2;1;31.0;0.0;true;30
329;7;1;0;49.0;1642.525403273792;false;11
330;5;0;0;29.0;0.0;false;0
331;5;1;1;71.0;0.0;false;14
332;0;2;0;63.0;2132.747760125238;true;27
333;5;2;1;12.0;0.0;false;20
334;6;2;1;26.0;2461.892871134294;false;23
335;5;0;1;76.0;23.69408972716358;false;7
336;2;0;1;77.0;721.1914768409433;false;7
337;5;0;1;61.0;0.0;false;6
338;5;1;1;6.0;0.0;false;12
339;5;2;0;28.0;0.0;true;24
340;5;2;0;64.0;0.0;false;18
341;7;3;1;69.0;1859.4804355790125;false;39
342;7;0;0;73.0;1724.1368298243478;false;3
343;5;2;1;9.0;0.0;true;28
344;7;0;0;0.0;1671.1258287161227;false;1
345;2;0;0;35.0;852.5672897719145;false;1
346;5;2;1;15.0;0.0;false;20
347;5;2;0;41.0;0.0;true;26
348;5;1;1;71.0;0.0;false;14
349;2;1;1;27.0;438.07896832750447;false;13
350;5;0;0;64.0;0.0;false;2
351;5;3;1;0.0;0.0;false;36
352;5;2;0;24.0;0.0;false;18
353;3;0;1;77.0;2768.4589686901086;false;7
354;2;2;0;46.0;571.7001304369705;true;27
355;5;1;1;44.0;0.0;false;14
356;3;2;1;5.0;2974.104313036808;true;29
357;5;2;1;66.0;0.0;false;22
358;5;2;1;63.0;0.0;false;22
359;2;2;0;12.0;486.96515287112254;false;17
360;6;1;1;19.0;2329.3180306343784;false;13
361;5;3;1;20.0;0.0;false;38
362;5;1;1;11.0;0.0;false;12
363;2;2;0;58.0;714.1094854286002;false;19
364;5;1;0;59.0;0.0;false;10
365;5;3;1;0.0;0.0;false;36
366;5;2;1;18.0;0.0;false;20
367;6;1;1;23.0;2396.18652426565;false;13
368;5;3;0;29.0;0.0;false;34
369;4;2;1;29.0;1511.9223261524432;true;29
370;5;2;0;64.0;0.0;false;18
371;5;2;0;7.0;290.9270742801121;false;17
372;5;3;0;0.0;0.0;false;32
373;5;3;1;0.0;0.0;false;36
374;5;2;0;39.0;0.0;false;18
375;3;2;1;9.0;2760.2694649304167;true;29
376;5;0;1;49.0;0.0;false;6
377;5;0;1;54.0;0.0;false;6
378;5;1;1;45.0;0.0;false;14
379;5;2;0;18.0;0.0;false;16
380;5;2;1;1.0;0.0;false;20
381;7;0;0;43.0;1887.1715277331493;false;3
382;5;2;0;2.0;0.0;false;16
383;5;1;0;7.0;0.0;false;8
384;6;0;0;28.0;2415.3948390406567;false;1
385;2;3;0;23.0;788.1341087971798;false;35
386;6;0;0;12.0;2529.2092070704157;false;1
387;5;2;1;56.0;0.0;false;22
388;5;0;1;42.0;0.0;false;6
389;5;2;0;46.0;0.0;false;18
390;3;2;1;32.0;2867.3665738705367;true;31
391;6;1;1;35.0;2450.510040037782;false;15
392;5;2;0;48.0;0.0;true;26
393;5;0;0;74.0;0.0;false;2
394;4;2;1;3.0;1521.3263447623053;true;29
395;0;0;1;67.0;2134.9278149504607;false;7
396;5;1;0;4.0;0.0;false;8
397;2;1;0;66.0;645.1553888791984;false;11
398;5;2;1;9.0;0.0;false;20
399;5;2;1;19.0;0.0;false;20
400;0;1;1;30.0;2022.9452935870809;false;13
401;5;0;0;65.0;0.0;false;2
402;7;0;1;71.0;1697.219627144308;false;7
403;2;2;1;16.0;371.965353552985;true;29
404;6;3;1;0.0;2421.471457647742;false;37
405;0;3;0;20.0;2146.5960524990624;false;35
406;6;3;1;0.0;2347.193395168362;false;37
407;1;3;1;0.0;1246.0568820002923;false;37
408;6;2;1;4.0;2490.1725676021388;true;29
409;5;2;1;1.0;0.0;true;28
410;5;1;0;24.0;0.0;false;8
411;1;3;1;29.0;1255.5815102846038;false;39
412;7;2;0;26.0;1740.6386143122916;false;19
413;5;0;0;17.0;0.0;false;0
414;5;0;0;77.0;0.0;false;2
415;2;2;1;37.0;620.7739076308533;true;31
416;3;2;0;15.0;2658.677737674455;false;17
417;5;2;1;4.0;276.5307867371185;false;21
418;4;2;1;54.0;1485.7153764741552;true;31
419;7;1;0;38.0;1867.3611209540006;false;11
420;0;0;0;3.0;2003.007513282584;false;1
421;1;0;0;74.0;950.212600654621;false;3
422;2;2;1;9.0;611.3039077963078;false;21
423;1;3;1;0.0;1285.7079896825228;false;37
424;5;0;0;41.0;0.0;false;2
425;2;0;0;21.0;605.092208039204;false;1
426;5;2;0;5.0;0.0;true;24
427;5;3;1;56.0;0.0;false;38
428;5;3;0;0.0;260.82715295165235;false;33
429;7;2;1;24.0;1687.9439427661225;true;29
430;5;2;0;31.0;0.0;false;18
431;5;2;0;0.0;0.0;false;16
432;3;2;0;35.0;2844.5621937569795;true;27
433;7;1;1;54.0;1859.6292426046332;false;15
434;2;2;1;29.0;734.6487164337134;false;23
435;6;1;1;57.0;2300.629012369767;false;15
436;5;2;1;68.0;0.0;false;22
437;5;2;0;52.0;0.0;true;26
438;6;2;1;35.0;2429.6963455101254;false;23
439;5;2;1;66.0;0.0;true;30
440;5;3;0;0.0;0.0;false;32
441;1;0;0;7.0;1138.0255165495232;false;1
442;0;2;1;28.0;1991.3359155983103;true;29
443;5;1;0;36.0;0.0;false;10
444;4;3;1;75.0;1441.698013126214;false;39
445;5;2;0;44.0;0.0;true;26
446;5;0;1;17.0;0.0;false;4
447;3;0;1;4.0;2962.7282527043653;false;5
448;4;3;1;63.0;1501.8710529864695;false;39
449;5;3;0;51.0;0.0;false;34
450;5;1;0;55.0;0.0;false;10
451;1;2;0;2.0;1056.6358904936556;false;17
452;5;0;0;68.0;0.0;false;2
453;1;1;1;11.0;1230.0949829018068;false;13
454;5;1;1;23.0;0.0;false;12
455;5;2;1;56.0;0.0;false;22
456;5;1;0;5.0;263.25535413304726;false;9
457;2;3;1;61.0;803.8667293776682;false;39
458;5;3;0;0.0;0.0;false;32
459;5;2;0;42.0;0.0;true;26
460;1;2;0;3.0;988.4439119309378;false;17
461;5;2;1;12.0;0.0;false;20
462;5;2;0;47.0;0.0;false;18
463;5;0;1;22.0;0.0;false;4
464;1;2;0;6.0;1120.4968167265927;true;25
465;7;1;0;20.0;1687.0481040806528;false;9
466;5;2;1;71.0;0.0;true;30
467;5;3;1;0.0;173.8088821760735;false;37
468;5;0;0;30.0;0.0;false;0
469;3;2;1;12.0;2900.1906375361777;false;21
470;5;0;1;33.0;0.0;false;4
471;5;3;1;0.0;0.0;false;36
472;6;2;0;63.0;2422.7265846227147;true;27
473;2;0;1;72.0;369.70756574570316;false;7
474;5;0;0;75.0;0.0;false;2
475;1;1;1;11.0;1065.4208690809662;false;13
476;5;0;1;38.0;0.0;false;4
477;6;3;1;0.0;2381.8576937092557;false;37
478;1;2;0;43.0;983.5939259229935;true;27
479;2;0;1;0.0;469.9484927657005;false;5
480;5;3;1;39.0;0.0;false;38
481;5;0;1;75.0;0.0;false;6
482;7;1;1;28.0;1606.420264140948;false;13
483;5;2;1;16.0;0.0;false;20
484;5;0;1;22.0;0.0;false;4
485;0;2;1;11.0;1973.3584240306723;false;21
486;5;2;0;19.0;0.0;false;16
487;1;0;1;69.0;1174.2060111271655;false;7
488;5;2;0;45.0;0.0;true;26
489;5;1;0;59.0;0.0;false;10
490;0;2;0;59.0;2028.004616333231;true;27
491;7;0;0;30.0;1867.1888598136566;false;1
492;5;2;1;6.0;0.0;false;20
493;1;1;1;52.0;1105.6466362684969;false;15
494;5;2;0;8.0;0.0;true;24
495;0;2;1;0.0;2031.8936597362654;true;29
496;5;3;0;12.0;0.0;false;34
497;5;1;1;10.0;0.0;false;12
498;5;3;0;0.0;0.0;false;32
499;3;3;0;46.0;2628.570730394513;false;35
