rpt id 34
F = [10, 1, 5, 5, 11, 3, 9, 1, 3, 5, 7, 5, 14, 9, 1, 3, 46, 7, 1, 6, 2, 23, 6, 1, 3, 3, 5, 3, 1, 16]
F2 = [50, 17, 31, 20, 38, 1, 11, 21, 2, 5, 8, 13, 10, 12, 20, 12, 43, 49, 5, 7, 2, 57, 23, 23, 40, 8, 21, 31, 20, 21]
T = [16300, 600, 3000, 1900, 4600, 1600, 3900, 2000, 1600, 3300, 7200, 2700, 12800, 4200, 900, 2000, 29100, 3700, 2700, 3500, 1600, 10600, 2800, 1700, 2000, 2400, 2600, 1900, 900, 6700]
T2 = [19800, 7600, 10100, 6200, 13000, 400, 3700, 7400, 600, 2100, 2100, 4600, 3900, 4400, 8700, 4300, 16400, 17900, 1200, 2500, 900, 20800, 7100, 8200, 14600, 2700, 7600, 11000, 6200, 7700]

drt id 97
F = [6, 7, 2, 8, 13, 9, 14, 12, 2, 18, 5, 4, 2, 5, 6, 1, 3, 16, 2, 1, 11, 5, 11, 7, 1, 6, 2, 9, 2, 4]
F2 = [1, 37, 33, 17, 10, 18, 9, 16, 11, 8, 14, 5, 8, 9, 25, 9, 33, 13, 1, 31, 33, 2, 1, 9, 1, 10, 50, 12, 1, 14]
T = [3200, 3900, 900, 3200, 5200, 3600, 5500, 5300, 800, 7000, 2300, 2000, 1000, 2500, 3300, 400, 1800, 8100, 1100, 400, 5200, 4200, 5200, 3100, 300, 2500, 1200, 4200, 1200, 1800]
T2 = [300, 14600, 13000, 6300, 3800, 7400, 3400, 5900, 4300, 2900, 5300, 2400, 3500, 3600, 11100, 5300, 16100, 5500, 500, 15800, 29100, 1100, 400, 3600, 700, 3700, 18700, 4700, 400, 5000]

mapt id 65
F = [5, 6, 5, 2, 1, 4, 3, 4, 11, 5, 4, 9, 15, 12, 5, 1, 8, 2, 8, 1, 1, 1, 1, 21, 3, 5, 2, 11, 3, 29]
F2 = [3, 5, 1, 1, 7, 17, 31, 17, 13, 47, 1, 6, 2, 6, 3, 4, 7, 2, 10, 15, 10, 16, 16, 21, 8, 1, 4, 7, 53, 4]
T = [3600, 5000, 3300, 1400, 300, 2300, 1600, 2100, 5400, 2500, 2300, 4500, 7100, 6900, 3200, 300, 4900, 1500, 4500, 300, 400, 400, 300, 10300, 1700, 2600, 1300, 4900, 2000, 12300]
T2 = [2200, 3800, 700, 500, 4100, 8400, 13500, 7500, 5600, 20800, 500, 2800, 1000, 3600, 1500, 2200, 3900, 1100, 4400, 8400, 4800, 8200, 7400, 9000, 3700, 500, 1700, 3300, 24000, 1700]

rapt id 36
F = [19, 5, 9, 2, 1, 2, 4, 3, 1, 4, 8, 3, 12, 1, 2, 13, 19, 3, 6, 13, 1, 1, 4, 7, 16, 7, 28, 4, 4, 2]
F2 = [5, 9, 10, 2, 2, 8, 14, 25, 11, 6, 3, 43, 6, 18, 3, 57, 4, 8, 11, 5, 12, 18, 15, 8, 2, 7, 9, 12, 3, 7]
T = [8200, 1900, 3300, 1000, 400, 1400, 2500, 1400, 700, 2900, 6700, 4700, 6500, 1800, 5000, 5100, 5300, 1300, 2100, 4400, 1000, 400, 1500, 2300, 9100, 4600, 10500, 4800, 6200, 4700]
T2 = [1600, 2600, 2200, 300, 900, 2500, 4800, 6900, 5000, 3000, 1600, 22200, 2800, 9200, 1200, 14400, 800, 2100, 2800, 1600, 3800, 5100, 4000, 2100, 700, 2300, 3400, 6900, 1700, 3900]

rlpatq id 55
F = [6, 3, 2, 2, 2, 4, 2, 3, 6, 9, 1, 2, 10, 2, 2, 2, 1, 4, 2, 2, 12, 1, 7, 6, 9, 13, 2, 7, 23, 2]
F2 = [10, 3, 9, 21, 2, 22, 6, 30, 7, 1, 14, 20, 19, 2, 12, 3, 18, 10, 4, 19, 36, 10, 29, 6, 8, 25, 1, 4, 12, 13]
T = [4900, 1500, 1500, 1200, 1500, 2300, 1400, 1900, 3100, 4300, 1500, 3900, 6000, 2100, 1500, 1500, 700, 2000, 1700, 1500, 5000, 900, 3300, 3500, 4200, 5500, 3100, 4400, 8100, 1800]
T2 = [3500, 900, 3100, 7500, 600, 7000, 2300, 10000, 2200, 300, 5600, 8500, 6400, 700, 3800, 700, 6000, 3500, 1400, 6000, 11500, 3900, 9100, 1800, 2200, 7800, 300, 1100, 3900, 4200]

rlapts id 88
F = [2, 2, 10, 4, 21, 12, 6, 4, 5, 1, 8, 15, 9, 1, 1, 2, 7, 1, 17, 15, 1, 1, 1, 6, 3, 5, 4, 6, 10, 3]
F2 = [10, 2, 4, 11, 20, 41, 13, 7, 2, 8, 15, 2, 5, 16, 11, 11, 13, 14, 9, 12, 7, 12, 15, 5, 3, 21, 4, 4, 6, 5]
T = [3000, 1900, 6000, 2800, 11100, 6700, 4100, 2800, 3700, 1300, 4800, 8400, 5900, 1200, 1100, 2300, 4500, 1100, 9100, 8700, 1100, 1300, 1100, 4000, 2300, 3100, 2900, 3800, 5700, 2300]
T2 = [4800, 1000, 1900, 5400, 9800, 19900, 6500, 3300, 900, 4300, 7400, 1000, 2500, 8100, 5700, 5500, 6100, 7200, 4200, 6000, 4000, 6100, 7700, 2400, 1400, 13600, 1700, 2000, 3000, 2600]
