rpt id 112
F = [14, 23, 14, 15, 15, 31, 3, 29, 21, 13, 35, 15, 12, 13, 9, 4, 13, 15, 12, 11, 28, 23, 26, 27, 16, 15, 11, 14, 12, 31]
F2 = [183, 186, 216, 456, 529, 349, 459, 120, 468, 162, 116, 217, 563, 509, 788, 455, 438, 392, 570, 198, 209, 444, 433, 552, 148, 200, 670, 256, 427, 168]
T = [4800, 8497, 7001, 5501, 5501, 10997, 1601, 11000, 8001, 4800, 12099, 5600, 31499, 5600, 3899, 2400, 5799, 5900, 5399, 4101, 11799, 8801, 10498, 11202, 6199, 6598, 4602, 5601, 6499, 10900]
T2 = [61998, 61302, 74302, 151091, 206800, 119296, 156604, 42503, 154400, 54196, 38097, 82701, 188103, 194196, 277404, 149494, 147299, 131286, 204802, 65699, 69997, 172594, 144001, 261400, 50399, 66399, 234006, 85001, 152699, 55600]

drt id 45
F = [22, 19, 13, 3, 18, 17, 18, 21, 25, 18, 15, 18, 3, 11, 28, 9, 16, 26, 13, 19, 12, 13, 11, 10, 14, 26, 5, 5, 10, 28]
F2 = [146, 149, 228, 156, 97, 149, 244, 145, 934, 145, 106, 182, 232, 519, 636, 459, 170, 235, 156, 230, 164, 159, 158, 444, 156, 526, 167, 470, 433, 417]
T = [11003, 8700, 6102, 3501, 8098, 8200, 7900, 11003, 12200, 9701, 6899, 10297, 3401, 10500, 12301, 7300, 7700, 11899, 7700, 11602, 7997, 10099, 5699, 7498, 8101, 11101, 4201, 3800, 5901, 11999]
T2 = [60301, 49498, 77403, 53401, 35205, 51601, 83605, 69200, 338407, 49399, 35205, 63500, 104998, 204898, 217000, 158302, 57997, 83296, 57406, 94705, 54996, 59701, 53996, 169198, 61099, 178903, 59598, 160994, 154203, 140803]

mapt id 94
F = [11, 4, 11, 12, 11, 16, 13, 17, 20, 10, 28, 11, 12, 23, 14, 3, 10, 16, 9, 18, 19, 29, 13, 11, 14, 19, 13, 11, 20, 11]
F2 = [435, 171, 163, 224, 252, 163, 191, 139, 231, 161, 154, 278, 477, 459, 147, 253, 671, 427, 198, 239, 416, 221, 154, 248, 150, 160, 484, 161, 155, 453]
T = [7000, 3999, 8200, 7200, 10098, 9602, 7398, 9301, 10199, 7401, 12300, 7100, 6499, 11201, 8098, 3400, 5301, 8602, 5500, 9298, 9101, 13399, 7700, 6199, 8600, 11800, 7199, 7301, 10600, 8500]
T2 = [154502, 70403, 57506, 79696, 87804, 57201, 68603, 49202, 82701, 57195, 54002, 97905, 168108, 159302, 52698, 89501, 238793, 149701, 69804, 98199, 146200, 76501, 55602, 85803, 58400, 56500, 167301, 57297, 63500, 163003]

rapt id 159
F = [18, 16, 14, 3, 11, 14, 12, 17, 4, 26, 4, 12, 17, 23, 15, 9, 4, 12, 20, 14, 4, 15, 17, 13, 17, 11, 15, 11, 17, 22]
F2 = [456, 298, 122, 394, 313, 285, 230, 438, 157, 198, 282, 152, 101, 391, 192, 287, 150, 144, 90, 159, 150, 126, 203, 122, 82, 214, 161, 165, 242, 378]
T = [5800, 5200, 4302, 2399, 6101, 6100, 4200, 7500, 2501, 9800, 2600, 6499, 4699, 5100, 4501, 3200, 3001, 3498, 4700, 4300, 2399, 7601, 5899, 4201, 6500, 7000, 6301, 3200, 6400, 7701]
T2 = [99296, 62405, 26696, 67297, 71799, 76300, 47903, 88900, 31897, 45603, 60302, 25900, 17197, 70505, 37398, 54906, 27701, 28199, 14097, 39297, 22101, 20300, 30899, 19298, 12604, 32202, 27797, 27300, 40401, 76398]

rlaptq id 157
F = [37, 9, 3, 11, 3, 9, 10, 3, 3, 3, 5, 4, 17, 3, 22, 12, 5, 6, 4, 4, 4, 12, 17, 36, 17, 22, 3, 4, 12, 16]
F2 = [347, 164, 208, 142, 7, 138, 476, 247, 214, 325, 385, 185, 159, 7, 318, 122, 8, 161, 359, 218, 342, 124, 142, 128, 167, 211, 10, 137, 166, 376]
T = [8997, 3901, 5099, 4601, 1600, 5501, 6802, 2800, 3199, 3400, 2600, 2499, 9699, 1699, 12801, 7699, 3101, 3099, 2399, 2099, 2000, 3900, 5299, 10101, 5701, 5700, 1999, 1900, 4299, 4901]
T2 = [72701, 33699, 55000, 38300, 1399, 29001, 87103, 62300, 43000, 79601, 89002, 44297, 31202, 1800, 76795, 53006, 2200, 39902, 64902, 38498, 63600, 23503, 26999, 25004, 30502, 38401, 2300, 25299, 31399, 66400]

rlapts id 164
F = [10, 6, 11, 17, 16, 11, 7, 20, 5, 4, 13, 12, 15, 4, 13, 12, 10, 13, 14, 8, 6, 8, 10, 3, 12, 16, 8, 17, 15, 22]
F2 = [146, 165, 474, 219, 133, 339, 136, 449, 206, 128, 142, 208, 120, 185, 145, 354, 118, 355, 125, 215, 244, 216, 124, 169, 233, 246, 356, 144, 131, 139]
T = [3600, 3799, 3501, 5500, 4100, 3900, 3499, 6000, 2599, 2900, 5302, 4900, 4800, 3900, 5700, 6999, 10701, 6599, 6401, 4599, 6600, 5999, 5499, 6100, 8200, 5801, 3600, 10201, 7301, 6601]
T2 = [27001, 29701, 75002, 37402, 23601, 63805, 24902, 71105, 34400, 24300, 33604, 45701, 23601, 50300, 33804, 74398, 59201, 81299, 28996, 61196, 49002, 41004, 36701, 35899, 48600, 51297, 69305, 33503, 37802, 29098]
