rpt id 62
F = [34, 341, 15, 76, 120, 105, 45, 34, 24, 75, 122, 62, 34, 16, 18, 12, 243, 27, 208, 50, 41, 69, 244, 59, 31, 122, 199, 239, 24, 64]
F2 = [2, 53, 45, 173, 112, 113, 295, 170, 3, 700, 278, 392, 8, 675, 741, 158, 510, 2, 354, 144, 14, 259, 52, 106, 1, 49, 315, 85, 162, 722]
T = [13900, 113800, 8000, 25900, 42900, 39700, 16200, 12300, 9200, 25600, 41800, 21500, 12200, 6100, 7100, 5000, 82200, 10000, 83000, 18000, 14100, 25000, 97000, 24900, 13200, 70000, 66800, 125900, 9100, 21800]
T2 = [700, 17400, 16000, 57800, 37300, 37500, 96900, 56500, 900, 235200, 93400, 131200, 2700, 222600, 246800, 52300, 170800, 600, 128300, 48900, 4500, 85500, 19800, 42400, 300, 18400, 106000, 33800, 60500, 251000]

drt id 34
F = [20, 37, 234, 36, 23, 218, 13, 38, 47, 45, 32, 22, 61, 15, 284, 96, 366, 20, 16, 107, 25, 71, 107, 93, 71, 25, 12, 56, 25, 31]
F2 = [222, 5, 63, 676, 3, 303, 25, 109, 161, 306, 131, 1, 127, 8, 86, 321, 384, 24, 4, 75, 6, 148, 66, 19, 657, 283, 18, 431, 5, 2]
T = [11500, 17800, 85400, 15700, 11400, 79200, 6900, 17800, 19200, 19100, 14900, 17700, 33200, 7700, 113500, 37500, 203600, 16200, 9000, 47100, 11400, 26200, 53600, 36000, 35300, 11500, 7900, 27200, 13100, 15100]
T2 = [78300, 1900, 22200, 234900, 1700, 105700, 9100, 37100, 57300, 105700, 47200, 800, 96300, 2900, 30800, 126900, 151500, 15700, 1900, 27000, 2200, 50900, 23000, 6800, 241700, 98800, 6900, 150000, 2000, 800]

mapt id 141
F = [233, 91, 113, 26, 29, 16, 25, 93, 19, 29, 30, 32, 117, 26, 40, 21, 60, 19, 29, 100, 229, 19, 29, 51, 20, 31, 26, 10, 215, 224]
F2 = [124, 324, 191, 60, 5, 4, 13, 173, 368, 368, 6, 194, 104, 338, 2, 351, 362, 116, 10, 279, 22, 4, 4, 313, 195, 2, 64, 17, 26, 144]
T = [83800, 36400, 41200, 12700, 12800, 8000, 13400, 34600, 10200, 13900, 13700, 14500, 44000, 14400, 17100, 9400, 22700, 10800, 11300, 37800, 148700, 11900, 18100, 27900, 14700, 16000, 17100, 4700, 101500, 96400]
T2 = [43100, 110100, 66600, 21700, 2300, 1800, 7100, 59400, 131200, 126100, 2500, 79000, 35300, 115100, 1500, 119400, 123400, 40600, 3600, 97300, 17400, 2800, 3300, 146500, 92600, 1700, 45000, 5600, 12000, 60300]

rapt id 85
F = [53, 27, 24, 61, 31, 19, 24, 85, 21, 35, 69, 16, 17, 31, 29, 24, 45, 84, 26, 54, 41, 212, 44, 52, 19, 23, 286, 69, 65, 66]
F2 = [140, 1, 4, 119, 5, 88, 38, 57, 12, 157, 58, 13, 30, 1, 1, 7, 270, 192, 88, 270, 49, 44, 71, 213, 11, 335, 196, 208, 265, 123]
T = [30100, 15400, 11800, 32600, 14400, 13000, 15900, 36300, 12200, 25200, 27400, 12800, 11500, 22500, 52700, 11000, 20000, 31900, 12500, 21300, 17600, 121400, 23000, 19900, 15700, 13800, 106600, 26700, 34700, 30200]
T2 = [53300, 300, 1900, 46600, 2300, 31200, 13500, 24200, 5000, 58100, 20800, 5900, 11000, 200, 200, 2900, 97500, 76000, 31300, 99200, 18500, 24400, 28900, 73300, 4400, 133200, 69300, 73500, 129800, 48300]

rlaptq id 154
F = [23, 28, 37, 35, 18, 26, 32, 22, 28, 15, 23, 25, 24, 17, 30, 39, 21, 26, 17, 43, 22, 26, 23, 15, 99, 18, 31, 16, 27, 57]
F2 = [1, 10, 191, 34, 180, 3, 1, 28, 2, 9, 72, 2, 2, 11, 205, 74, 13, 198, 20, 209, 3, 111, 278, 11, 12, 9, 6, 73, 251, 109]
T = [12400, 23300, 26400, 28400, 12400, 11900, 15400, 11500, 13300, 8900, 14600, 18600, 16800, 9400, 19700, 18300, 16300, 20200, 16100, 20500, 33600, 19500, 16000, 11600, 59900, 18200, 16100, 16000, 18900, 25600]
T2 = [500, 6200, 111700, 19900, 100900, 1400, 400, 10900, 700, 3700, 27600, 1200, 1300, 4200, 96900, 28700, 8300, 124000, 14200, 83200, 1900, 68300, 151600, 7500, 6800, 5000, 2600, 45700, 140700, 40100]

rlapts id 62
F = [84, 11, 25, 17, 200, 32, 36, 17, 30, 22, 27, 16, 21, 22, 28, 22, 13, 26, 84, 26, 27, 18, 34, 35, 12, 189, 145, 25, 34, 20]
F2 = [64, 20, 55, 52, 106, 1, 258, 260, 322, 76, 2, 96, 30, 16, 20, 4, 10, 5, 101, 19, 22, 77, 3, 347, 28, 39, 12, 23, 273, 8]
T = [41600, 8300, 21000, 11000, 91900, 18700, 20300, 11900, 17400, 13400, 15400, 13000, 13900, 16400, 16800, 26500, 11400, 18500, 46600, 17400, 24000, 11600, 20500, 20400, 9100, 90000, 70400, 19100, 22000, 13000]
T2 = [27300, 9700, 25200, 24200, 42400, 600, 110000, 120300, 133200, 34700, 1000, 42800, 14000, 7600, 9600, 1900, 4700, 2400, 44400, 8700, 10900, 36600, 1300, 144600, 13500, 16700, 5200, 10600, 117800, 3900]
