Grep
{{ 3.  2.  0. 21.  5.  2.  2.  3.  1.  1.  2.  1.  1.  1.}
 { 3.  1.  0.  1.  9. 12.  0.  3.  3.  0.  2.  1.  1.  1.}
 { 3.  2.  0. 21.  5.  6.  2.  3.  1.  1.  2.  1.  1.  1.}}
SSE: 13998.0
Mat: {{0.0, 22.93468988235943, 4.0}, {22.93468988235943, 0.0, 21.494185260204677}, {4.0, 21.494185260204677, 0.0}}

Gzip
{{ 0.  0.  0.  0.  0.  0.  0.  0.  0.  0.  0.  0.  0.  0.  0.  0.  0.  0.
   0.  1.  0.}
 { 0.  0.  0.  0.  0.  0.  0.  0.  0.  0.  0.  0.  0.  0.  0.  0.  0.  0.
   0. 11.  0.}
 { 0.  0.  0.  0.  1.  0.  0.  1.  0.  0.  0.  0.  0.  0.  0.  0.  0.  0.
   0. 34.  0.}
 { 0.  0.  0.  0.  0.  0.  0.  0.  0.  0.  0.  0.  0.  0.  0.  0.  0.  0.
   0. 34.  0.}}
SSE: 622.0
Mat: {{0.0, 10.0, 33.03028912982749, 33.0}, {10.0, 0.0, 23.043437243605826, 23.0}, {33.03028912982749, 23.043437243605826, 0.0, 1.4142135623730951}, {33.0, 23.0, 1.4142135623730951, 0.0}}

Make
{{1. 1. 1. 4. 1. 1. 1. 2. 1. 1. 1. 1. 2. 1. 1. 1. 2. 1. 3. 2. 2. 1.}
 {1. 1. 2. 4. 1. 1. 1. 1. 1. 1. 1. 1. 1. 1. 1. 1. 1. 1. 1. 1. 2. 1.}
 {1. 2. 2. 4. 1. 1. 1. 2. 1. 2. 1. 1. 1. 1. 1. 1. 1. 1. 3. 2. 2. 1.}
 {1. 2. 1. 4. 1. 1. 1. 1. 1. 2. 1. 1. 1. 1. 1. 1. 1. 1. 1. 2. 2. 1.}}
SSE: 2675.0
Mat: {{0.0, 3.0, 2.23606797749979, 3.0}, {3.0, 0.0, 2.8284271247461903, 2.0}, {2.23606797749979, 2.8284271247461903, 0.0, 2.449489742783178}, {3.0, 2.0, 2.449489742783178, 0.0}}