rpt id 34
F = [431, 414, 1143, 475, 1175, 862, 267, 456, 243, 1190, 791, 125, 118, 433, 146, 266, 415, 1454, 137, 250, 1033, 79, 147, 412, 108, 124, 1061, 122, 237, 416]
F2 = [0, 0, 0, 0, 0, 0, 0, 0, 0, 0, 0, 0, 0, 0, 0, 0, 0, 0, 0, 0, 0, 0, 0, 0, 0, 0, 0, 0, 0, 0]
T = [146200, 191300, 398600, 161600, 404800, 291200, 92000, 154800, 84500, 402200, 268400, 42000, 41900, 144700, 49400, 118000, 156100, 530900, 73000, 163800, 401000, 41300, 73500, 161100, 37800, 42500, 435500, 44600, 80000, 141700]
T2 = [0, 0, 0, 0, 0, 0, 0, 0, 0, 0, 0, 0, 0, 0, 0, 0, 0, 0, 0, 0, 0, 0, 0, 0, 0, 0, 0, 0, 0, 0]

drt id 13
F = [242, 73, 1188, 148, 240, 527, 692, 486, 840, 425, 47, 446, 239, 277, 444, 429, 422, 134, 416, 498, 131, 1067, 1138, 238, 756, 124, 242, 499, 74, 43]
F2 = [0, 0, 0, 0, 0, 0, 0, 0, 0, 0, 0, 0, 0, 0, 0, 0, 0, 0, 0, 0, 0, 0, 0, 0, 0, 0, 0, 0, 0, 0]
T = [106600, 44700, 408400, 62000, 95200, 190600, 460100, 170500, 339600, 149500, 19300, 157700, 86800, 97200, 151100, 159700, 148900, 48700, 214700, 173600, 47300, 367700, 389600, 83900, 266200, 49800, 88300, 177200, 28500, 22900]
T2 = [0, 0, 0, 0, 0, 0, 0, 0, 0, 0, 0, 0, 0, 0, 0, 0, 0, 0, 0, 0, 0, 0, 0, 0, 0, 0, 0, 0, 0, 0]

mapt id 6
F = [497, 228, 1081, 492, 470, 255, 431, 240, 112, 152, 316, 841, 1164, 246, 289, 248, 242, 62, 246, 56, 135, 254, 1100, 1051, 235, 160, 160, 231, 418, 146]
F2 = [0, 0, 0, 0, 0, 0, 0, 0, 0, 0, 0, 0, 0, 0, 0, 0, 0, 0, 0, 0, 0, 0, 0, 0, 0, 0, 0, 0, 0, 0]
T = [177200, 96600, 389800, 268500, 184900, 92600, 207900, 87200, 44600, 55900, 110900, 338900, 423100, 100600, 103800, 89600, 90000, 24900, 89600, 22600, 51100, 90700, 381000, 373700, 87700, 59600, 60600, 84200, 164400, 54500]
T2 = [0, 0, 0, 0, 0, 0, 0, 0, 0, 0, 0, 0, 0, 0, 0, 0, 0, 0, 0, 0, 0, 0, 0, 0, 0, 0, 0, 0, 0, 0]

rapt id 2
F = [176, 433, 200, 176, 417, 237, 300, 312, 686, 22, 225, 246, 295, 685, 648, 176, 103, 97, 258, 171, 398, 163, 936, 120, 238, 162, 457, 103, 341, 186]
F2 = [0, 0, 0, 0, 0, 0, 0, 0, 0, 0, 0, 0, 0, 0, 0, 0, 0, 0, 0, 0, 0, 0, 0, 0, 0, 0, 0, 0, 0, 0]
T = [211500, 161700, 73300, 64700, 154700, 88800, 129300, 123200, 255300, 12600, 84200, 90200, 107400, 250000, 281200, 65200, 38300, 38400, 100400, 63700, 144100, 60400, 335800, 44000, 85700, 61700, 166800, 39600, 122500, 68700]
T2 = [0, 0, 0, 0, 0, 0, 0, 0, 0, 0, 0, 0, 0, 0, 0, 0, 0, 0, 0, 0, 0, 0, 0, 0, 0, 0, 0, 0, 0, 0]

rlaptq id 186
F = [213, 167, 190, 254, 294, 626, 78, 212, 250, 151, 144, 208, 221, 189, 210, 131, 215, 639, 144, 357, 68, 404, 215, 231, 121, 113, 71, 406, 238, 283]
F2 = [0, 0, 0, 0, 0, 0, 0, 0, 0, 0, 0, 0, 0, 0, 0, 0, 0, 0, 0, 0, 0, 0, 0, 0, 0, 0, 0, 0, 0, 0]
T = [101400, 83000, 93500, 136900, 135300, 254800, 42000, 103400, 120300, 82300, 73300, 98800, 109900, 104200, 112500, 69600, 105200, 264400, 69700, 168000, 38400, 180500, 119700, 111200, 60200, 55100, 37900, 176400, 123500, 134300]
T2 = [0, 0, 0, 0, 0, 0, 0, 0, 0, 0, 0, 0, 0, 0, 0, 0, 0, 0, 0, 0, 0, 0, 0, 0, 0, 0, 0, 0, 0, 0]

rlapts id 100
F = [205, 448, 227, 332, 191, 145, 635, 145, 682, 128, 206, 158, 230, 142, 224, 354, 240, 139, 165, 201, 127, 50, 51, 203, 211, 219, 207, 360, 138, 438]
F2 = [0, 0, 0, 0, 0, 0, 0, 0, 0, 0, 0, 0, 0, 0, 0, 0, 0, 0, 0, 0, 0, 0, 0, 0, 0, 0, 0, 0, 0, 0]
T = [98900, 190900, 110500, 151300, 92600, 72600, 256000, 72800, 269700, 65700, 94400, 79300, 108500, 69200, 104700, 161000, 111800, 91300, 83800, 100500, 65100, 29100, 29400, 98100, 99800, 122300, 97600, 166800, 69000, 197800]
T2 = [0, 0, 0, 0, 0, 0, 0, 0, 0, 0, 0, 0, 0, 0, 0, 0, 0, 0, 0, 0, 0, 0, 0, 0, 0, 0, 0, 0, 0, 0]
