rpt id 2
F = [56, 42, 46, 191, 37, 279, 46, 47, 191, 32, 12, 146, 449, 43, 41, 175, 40, 41, 48, 45, 9, 148, 450, 8, 136, 37, 128, 53, 50, 31]
F2 = [604, 15, 453, 197, 2, 79, 260, 16, 16, 130, 858, 478, 41, 2, 137, 189, 359, 266, 272, 14, 197, 37, 42, 30, 80, 147, 537, 744, 19, 482]
T = [72697, 34401, 17903, 72590, 14593, 99410, 20807, 17398, 68216, 13495, 5303, 53820, 162613, 17397, 23302, 63412, 17895, 15804, 19506, 17300, 4799, 66603, 163408, 8001, 49587, 16800, 51367, 20602, 19301, 13403]
T2 = [223086, 7299, 162798, 69719, 601, 26281, 161712, 5696, 5502, 46294, 302593, 167892, 14897, 701, 93976, 65318, 142074, 96997, 94616, 4901, 70797, 19406, 14596, 16701, 27911, 62827, 245497, 261627, 6801, 196671]

drt id 83
F = [196, 15, 156, 130, 202, 43, 215, 32, 129, 279, 32, 37, 36, 19, 285, 148, 15, 279, 44, 50, 34, 31, 146, 51, 33, 39, 11, 14, 14, 33]
F2 = [304, 117, 136, 41, 269, 130, 625, 23, 36, 217, 2, 93, 15, 35, 141, 213, 291, 32, 17, 806, 142, 167, 36, 144, 473, 142, 27, 20, 25, 259]
T = [67986, 11099, 58413, 46298, 70014, 16707, 73922, 13206, 47622, 116876, 15997, 18997, 15899, 9499, 99303, 57217, 7905, 105206, 20700, 20203, 14410, 13097, 50912, 20599, 14209, 16300, 5799, 7796, 7400, 16105]
T2 = [251005, 42896, 45225, 13798, 90802, 44295, 209475, 7804, 12596, 78790, 1301, 42500, 5698, 12812, 52604, 87787, 115710, 11101, 6502, 271819, 49093, 56104, 12098, 50086, 161300, 48692, 9800, 7197, 8994, 87323]

mapt id 97
F = [44, 155, 35, 32, 146, 28, 332, 38, 39, 9, 31, 39, 39, 11, 205, 267, 192, 39, 207, 32, 33, 38, 15, 37, 35, 190, 37, 10, 22, 48]
F2 = [376, 104, 148, 248, 256, 138, 111, 202, 19, 30, 222, 230, 149, 25, 88, 203, 80, 20, 91, 15, 246, 14, 29, 19, 401, 326, 2, 657, 36, 143]
T = [19909, 59295, 15804, 14395, 76194, 25090, 122900, 17293, 38188, 8000, 18905, 17307, 18897, 7702, 75520, 100897, 73492, 18010, 78285, 14703, 14298, 17403, 10205, 17297, 17506, 142201, 28903, 7997, 16999, 22000]
T2 = [138308, 36988, 52488, 88290, 107963, 60616, 40398, 74986, 9003, 12295, 132204, 83788, 53189, 10384, 31804, 71712, 28499, 8201, 32100, 5704, 92524, 5496, 11401, 7200, 151409, 153886, 1199, 253390, 15300, 50499]

rapt id 18
F = [180, 200, 141, 39, 42, 35, 12, 44, 56, 54, 13, 39, 10, 14, 14, 49, 25, 9, 12, 174, 36, 146, 225, 35, 37, 172, 310, 26, 37, 32]
F2 = [16, 29, 82, 139, 242, 11, 31, 108, 300, 77, 177, 2, 123, 31, 26, 307, 456, 168, 27, 102, 19, 368, 57, 183, 254, 10, 114, 10, 2, 2]
T = [74586, 76718, 53491, 34998, 18706, 28993, 9996, 22305, 26296, 25403, 8299, 35708, 7998, 8798, 9495, 22791, 13499, 6997, 10295, 68004, 18499, 58097, 84580, 22595, 19320, 88013, 119930, 13897, 21204, 15098]
T2 = [6297, 10299, 29302, 57722, 86695, 6196, 12105, 42289, 105319, 33094, 92819, 798, 57417, 11103, 22000, 111394, 256501, 59282, 11198, 36202, 7396, 136431, 20596, 65111, 93904, 4202, 40701, 4798, 999, 902]

rlaptq id 26
F = [35, 40, 42, 58, 172, 35, 36, 39, 47, 137, 10, 142, 150, 9, 44, 38, 6, 42, 178, 153, 45, 37, 33, 31, 34, 44, 38, 45, 13, 41]
F2 = [127, 13, 141, 80, 135, 2, 3, 133, 14, 45, 27, 79, 47, 25, 135, 2, 37, 154, 26, 33, 14, 89, 18, 2, 141, 244, 133, 18, 27, 2]
T = [19997, 21695, 24896, 34403, 97805, 18587, 22698, 21996, 25095, 76411, 11398, 68398, 72005, 7401, 37209, 23503, 5104, 22494, 86112, 74399, 28095, 21901, 18103, 17203, 17893, 24589, 20199, 25600, 12804, 22896]
T2 = [59884, 6001, 71913, 56993, 77617, 1001, 1501, 62294, 6597, 22700, 13104, 36304, 21701, 11696, 66794, 998, 17605, 71211, 11694, 15289, 7506, 41792, 8697, 1000, 67385, 112003, 60808, 8192, 17599, 999]

rlapts id 87
F = [40, 48, 31, 38, 14, 32, 116, 42, 55, 43, 12, 45, 32, 13, 11, 299, 12, 193, 40, 41, 222, 10, 33, 43, 154, 40, 29, 43, 57, 138]
F2 = [85, 139, 16, 258, 139, 8, 18, 158, 97, 2, 134, 274, 145, 31, 133, 62, 123, 16, 150, 2, 438, 31, 16, 98, 135, 135, 7, 111, 81, 148]
T = [22700, 26201, 18607, 24203, 12898, 18701, 58803, 24698, 34408, 24101, 9500, 27892, 25702, 12000, 9598, 139782, 11797, 98313, 21996, 23105, 104513, 7402, 25205, 23601, 76600, 22293, 16998, 24997, 32996, 69691]
T2 = [39206, 74588, 7402, 114608, 65198, 3601, 8800, 72098, 44804, 898, 65693, 122485, 66203, 14503, 73709, 28696, 80590, 7006, 72398, 999, 197497, 14909, 11299, 58604, 59208, 61899, 3199, 52992, 37599, 64822]
